120 1633844649.484192
120 1633844649.4855428
120 1633844649.4866822
120 1633844649.487788
120 1633844649.500403
120 1633844649.502513
120 1633844649.5067823
120 1633844649.5088937
120 1633844649.812994
120 1633844649.814122
120 1633844649.8172407
120 1633844649.82021
120 1633844650.028893
120 1633844650.0299234
120 1633844650.0303102
120 1633844650.0307326
120 1633844650.0320144
120 1633844650.032036
120 1633844650.0335107
120 1633844650.034004
120 1633844650.0340223
120 1633844650.03555
120 1633844650.0359573
120 1633844650.0371242
120 1633844650.0381784
120 1633844650.0401428
120 1633844650.040262
120 1633844650.0417006
120 1633844650.0424984
120 1633844650.043209
120 1633844650.0446
120 1633844650.0456066
120 1633844650.045731
120 1633844650.0482671
120 1633844650.069487
120 1633844650.070383
120 1633844650.0706348
120 1633844650.071501
120 1633844650.075449
120 1633844650.076384
120 1633844650.0785968
120 1633844650.0797887
120 1633844650.5171416
120 1633844650.5182517
120 1633844650.51858
120 1633844650.5196416
120 1633844650.5215576
120 1633844650.5224404
120 1633844650.5237758
120 1633844650.5260324
120 1633844650.7835946
120 1633844650.7846851
120 1633844650.787958
120 1633844650.7891135
120 1633844650.7900398
120 1633844650.7917037
120 1633844650.9450896
120 1633844650.9460206
120 1633844650.9465845
120 1633844650.9471676
120 1633844650.9485602
120 1633844650.9494069
120 1633844650.9505875
120 1633844650.952921
120 1633844651.4157338
120 1633844651.416882
120 1633844651.421219
120 1633844651.422557
120 1633844651.4232564
120 1633844651.4271054
120 1633844652.0010579
120 1633844652.0023463
120 1633844652.0058813
120 1633844652.0081081
120 1633844652.0089083
120 1633844652.0098128
120 1633844653.669497
120 1633844653.6707902
120 1633844653.6710963
120 1633844653.672309
120 1633844653.67457
120 1633844653.6754882
120 1633844653.677508
120 1633844653.677624
120 1633844655.123749
120 1633844655.1250548
120 1633844655.1294985
120 1633844655.1307387
120 1633844655.1315055
120 1633844655.1331496
120 1633844655.6038663
120 1633844655.6050992
120 1633844655.6087596
120 1633844655.610674
120 1633844655.6116514
120 1633844655.6127706
120 1633844655.7562623
120 1633844655.7573755
120 1633844655.760077
120 1633844655.7614555
120 1633844655.7621288
120 1633844655.7639275
120 1633844656.0071628
120 1633844656.0084038
120 1633844656.0121408
120 1633844656.0141394
120 1633844656.0150964
120 1633844656.0164962
120 1633844656.653448
120 1633844656.654731
120 1633844656.6579857
120 1633844656.660204
120 1633844656.66121
120 1633844656.6621087
120 1633844657.0974247
120 1633844657.0986168
120 1633844657.1031225
120 1633844657.1052449
120 1633844657.106227
120 1633844657.1069167
120 1633844658.4642696
120 1633844658.465532
120 1633844658.468757
120 1633844658.4700503
120 1633844658.4708097
120 1633844658.4722834
120 1633844661.030717
120 1633844661.0319881
120 1633844661.0322611
120 1633844661.0335674
120 1633844661.0357091
120 1633844661.0369802
120 1633844661.0383213
120 1633844661.0399256
120 1633844661.4549992
120 1633844661.4561393
120 1633844661.4583025
120 1633844661.4603698
120 1633844661.4613633
120 1633844661.463102
120 1633844662.2353544
120 1633844662.2365522
120 1633844662.2400067
120 1633844662.2419326
120 1633844662.242947
120 1633844662.243115
120 1633844662.8842187
120 1633844662.8855116
120 1633844662.8885024
120 1633844662.8895352
120 1633844662.8902698
120 1633844662.8921154
120 1633844664.7423558
120 1633844664.743512
120 1633844664.746582
120 1633844664.747894
120 1633844664.7485223
120 1633844664.7501092
120 1633844664.8059301
120 1633844664.8069158
120 1633844664.8102467
120 1633844664.8123198
120 1633844664.8125412
120 1633844664.813596
120 1633844664.8892841
120 1633844664.8903182
120 1633844664.8950133
120 1633844664.8962572
120 1633844664.8971272
120 1633844664.8986514
120 1633844665.2540553
120 1633844665.2552052
120 1633844665.2553031
120 1633844665.2565157
120 1633844665.2588391
120 1633844665.2597408
120 1633844665.261941
120 1633844665.2633722
120 1633844665.6431024
120 1633844665.6440592
120 1633844665.649166
120 1633844665.6500173
120 1633844665.6511064
120 1633844665.6526997
120 1633844666.7590728
120 1633844666.7602365
120 1633844666.7603292
120 1633844666.7616413
120 1633844666.763671
120 1633844666.7646506
120 1633844666.765847
120 1633844666.7679212
120 1633844666.902901
120 1633844666.9039195
120 1633844666.907215
120 1633844666.9084024
120 1633844666.90906
120 1633844666.9105287
120 1633844667.022896
120 1633844667.0238621
120 1633844667.027266
120 1633844667.0282829
120 1633844667.029394
120 1633844667.0309124
120 1633844667.4793513
120 1633844667.4806747
120 1633844667.4840026
120 1633844667.4860687
120 1633844667.487059
120 1633844667.4884148
120 1633844668.2166545
120 1633844668.2179282
120 1633844668.2216365
120 1633844668.2227614
120 1633844668.2234645
120 1633844668.2249963
120 1633844668.3295503
120 1633844668.3305535
120 1633844668.3345804
120 1633844668.3363876
120 1633844668.3372438
120 1633844668.3373659
120 1633844668.5867403
120 1633844668.589902
120 1633844668.5930307
120 1633844668.5942674
120 1633844668.5950036
120 1633844668.5966291
120 1633844668.8497252
120 1633844668.8507395
120 1633844668.8551629
120 1633844668.856056
120 1633844668.857244
120 1633844668.8588321
120 1633844668.881183
120 1633844668.8820012
120 1633844668.8860674
120 1633844668.8878856
120 1633844668.888024
120 1633844668.8889308
120 1633844668.9735503
120 1633844668.9745553
120 1633844668.9747226
120 1633844668.9756782
120 1633844668.9782243
120 1633844668.9790847
120 1633844668.9802024
120 1633844668.9823256
120 1633844669.7793357
120 1633844669.7804809
120 1633844669.7807133
120 1633844669.7817826
120 1633844669.7840772
120 1633844669.7849317
120 1633844669.7862926
120 1633844669.7882087
120 1633844670.2790148
120 1633844670.2801232
120 1633844670.2824316
120 1633844670.2843869
120 1633844670.2852907
120 1633844670.2868345
120 1633844671.032575
120 1633844671.0335867
120 1633844671.0371876
120 1633844671.038369
120 1633844671.0391212
120 1633844671.0405827
120 1633844671.243593
120 1633844671.2448175
120 1633844671.2449443
120 1633844671.2462356
120 1633844671.2484536
120 1633844671.2493825
120 1633844671.2506156
120 1633844671.252425
120 1633844671.9886563
120 1633844671.989802
120 1633844671.995042
120 1633844671.9973273
120 1633844671.9983256
120 1633844671.9998283
120 1633844672.2617848
120 1633844672.2630813
120 1633844672.2735798
120 1633844672.2810807
120 1633844672.281624
120 1633844672.283296
120 1633844672.9442027
120 1633844672.945527
120 1633844672.9476194
120 1633844672.949676
120 1633844672.950529
120 1633844672.9506476
120 1633844673.7342665
120 1633844673.7353277
120 1633844673.7389038
120 1633844673.7407959
120 1633844673.7415743
120 1633844673.7432194
120 1633844674.8081717
120 1633844674.8094282
120 1633844674.8096046
120 1633844674.8107274
120 1633844674.8130023
120 1633844674.8140094
120 1633844674.8152456
120 1633844674.8172102
120 1633844675.0143747
120 1633844675.0155764
120 1633844675.0187929
120 1633844675.0207458
120 1633844675.0217943
120 1633844675.0229108
120 1633844675.7730064
120 1633844675.7741418
120 1633844675.7787163
120 1633844675.779814
120 1633844675.7809856
120 1633844675.7826176
120 1633844677.0124493
120 1633844677.0138085
120 1633844677.0138645
120 1633844677.015091
120 1633844677.0175102
120 1633844677.0184155
120 1633844677.022203
120 1633844677.0227847
120 1633844677.2771435
120 1633844677.2782714
120 1633844677.278645
120 1633844677.279575
120 1633844677.2827797
120 1633844677.283753
120 1633844677.284899
120 1633844677.2879214
120 1633844677.4225636
120 1633844677.4236774
120 1633844677.4237056
120 1633844677.4248376
120 1633844677.4268324
120 1633844677.427792
120 1633844677.4298117
120 1633844677.4300385
120 1633844678.1735244
120 1633844678.174657
120 1633844678.1793044
120 1633844678.1812274
120 1633844678.1813395
120 1633844678.1824167
120 1633844678.2410042
120 1633844678.2420087
120 1633844678.2421343
120 1633844678.2430716
120 1633844678.2455325
120 1633844678.2467048
120 1633844678.2477221
120 1633844678.249657
120 1633844679.075754
120 1633844679.0769434
120 1633844679.077196
120 1633844679.078366
120 1633844679.0802336
120 1633844679.0812476
120 1633844679.0837038
120 1633844679.085064
120 1633844680.1224227
120 1633844680.123468
120 1633844680.1269138
120 1633844680.1280687
120 1633844680.1289763
120 1633844680.130481
120 1633844681.0236902
120 1633844681.024912
120 1633844681.025165
120 1633844681.0262558
120 1633844681.028225
120 1633844681.029113
120 1633844681.0303416
120 1633844681.0322003
120 1633844682.9350207
120 1633844682.9362268
120 1633844682.9394684
120 1633844682.9406734
120 1633844682.9413898
120 1633844682.9428556
120 1633844683.6403997
120 1633844683.6414595
120 1633844683.6448348
120 1633844683.646579
120 1633844683.6467676
120 1633844683.6495645
120 1633844683.6843047
120 1633844683.6855025
120 1633844683.6881301
120 1633844683.689967
120 1633844683.6909022
120 1633844683.6920218
120 1633844684.1583335
120 1633844684.159583
120 1633844684.1630847
120 1633844684.1651263
120 1633844684.1662316
120 1633844684.1673946
120 1633844684.788494
120 1633844684.7897081
120 1633844684.7899728
120 1633844684.7911017
120 1633844684.7933567
120 1633844684.7942126
120 1633844684.7952614
120 1633844684.7972775
120 1633844685.7188973
120 1633844685.720087
120 1633844685.7233956
120 1633844685.7254171
120 1633844685.7265098
120 1633844685.7288218
120 1633844686.2072492
120 1633844686.2093627
120 1633844686.2119067
120 1633844686.2138999
120 1633844686.2148733
120 1633844686.2160199
120 1633844688.3615725
120 1633844688.3626795
120 1633844688.3657186
120 1633844688.367648
120 1633844688.3683324
120 1633844688.3699784
120 1633844688.6546562
120 1633844688.6558356
120 1633844688.6559296
120 1633844688.657182
120 1633844688.659297
120 1633844688.660181
120 1633844688.6615336
120 1633844688.6633418
120 1633844688.704709
120 1633844688.7057137
120 1633844688.7080555
120 1633844688.7099404
120 1633844688.7108896
120 1633844688.711177
120 1633844689.598867
120 1633844689.6000535
120 1633844689.6030984
120 1633844689.6042001
120 1633844689.605032
120 1633844689.6065557
120 1633844689.843563
120 1633844689.8447883
120 1633844689.8479688
120 1633844689.8490906
120 1633844689.8499043
120 1633844689.8514132
120 1633844689.8612463
120 1633844689.8624494
120 1633844689.865515
120 1633844689.8667924
120 1633844689.867447
120 1633844689.8689892
120 1633844689.9382656
120 1633844689.9392798
120 1633844689.9436014
120 1633844689.9446611
120 1633844689.945357
120 1633844689.9468176
120 1633844690.638526
120 1633844690.6396153
120 1633844690.645012
120 1633844690.6462023
120 1633844690.6468399
120 1633844690.6484075
120 1633844691.3433719
120 1633844691.3444948
120 1633844691.3479133
120 1633844691.3498068
120 1633844691.3507667
120 1633844691.3508742
120 1633844691.5281355
120 1633844691.530035
120 1633844691.531131
120 1633844691.5325224
120 1633844691.5346725
120 1633844691.5355756
120 1633844691.5368483
120 1633844691.5390594
120 1633844691.812305
120 1633844691.813268
120 1633844691.813613
120 1633844691.8144853
120 1633844691.816749
120 1633844691.8176994
120 1633844691.81891
120 1633844691.8198745
120 1633844693.726396
120 1633844693.7275121
120 1633844693.7276597
120 1633844693.7289586
120 1633844693.7331474
120 1633844693.734113
120 1633844693.7352674
120 1633844693.7373543
120 1633844693.9475167
120 1633844693.9486725
120 1633844693.951766
120 1633844693.952957
120 1633844693.9536884
120 1633844693.9554555
120 1633844694.1584775
120 1633844694.159652
120 1633844694.1631377
120 1633844694.1652358
120 1633844694.1662216
120 1633844694.166948
120 1633844695.081862
120 1633844695.0830195
120 1633844695.0863261
120 1633844695.0882256
120 1633844695.088348
120 1633844695.08932
120 1633844695.3559673
120 1633844695.357095
120 1633844695.3574178
120 1633844695.3583484
120 1633844695.3604426
120 1633844695.3615022
120 1633844695.3636274
120 1633844695.3652375
120 1633844696.6448307
120 1633844696.6460683
120 1633844696.6493435
120 1633844696.649611
120 1633844696.6513822
120 1633844696.651498
120 1633844696.6522796
120 1633844696.6541455
120 1633844696.6580734
120 1633844696.6598666
120 1633844696.6601677
120 1633844696.6618114
120 1633844696.9071484
120 1633844696.9083447
120 1633844696.9114964
120 1633844696.9134495
120 1633844696.9143975
120 1633844696.9155831
120 1633844697.0238109
120 1633844697.0247698
120 1633844697.027041
120 1633844697.0290477
120 1633844697.0305302
120 1633844697.0315902
120 1633844698.078504
120 1633844698.0796566
120 1633844698.0824533
120 1633844698.0844631
120 1633844698.0851448
120 1633844698.0867963
120 1633844700.3251624
120 1633844700.326541
120 1633844700.3267334
120 1633844700.328061
120 1633844700.3301816
120 1633844700.3311522
120 1633844700.332584
120 1633844700.3347247
120 1633844700.752456
120 1633844700.7536998
120 1633844700.7537467
120 1633844700.7551665
120 1633844700.7574422
120 1633844700.7584345
120 1633844700.7596054
120 1633844700.761855
120 1633844700.997694
120 1633844700.9988494
120 1633844700.9991603
120 1633844701.0005717
120 1633844701.0028439
120 1633844701.0038538
120 1633844701.005008
120 1633844701.0073109
120 1633844702.3509154
120 1633844702.3520505
120 1633844702.3524132
120 1633844702.353548
120 1633844702.3558102
120 1633844702.356686
120 1633844702.3578794
120 1633844702.3597
120 1633844702.5960073
120 1633844702.597196
120 1633844702.6019223
120 1633844702.6026022
120 1633844702.6039386
120 1633844702.6056952
120 1633844702.9144914
120 1633844702.9155393
120 1633844702.918943
120 1633844702.9202662
120 1633844702.9209883
120 1633844702.922549
120 1633844704.1901639
120 1633844704.191336
120 1633844704.1916647
120 1633844704.1926908
120 1633844704.1947837
120 1633844704.1956816
120 1633844704.197039
120 1633844704.1989198
120 1633844705.268709
120 1633844705.2700145
120 1633844705.2701614
120 1633844705.2714515
120 1633844705.2740898
120 1633844705.2750556
120 1633844705.2763433
120 1633844705.2785654
120 1633844705.4924977
120 1633844705.4935288
120 1633844705.4969776
120 1633844705.4980805
120 1633844705.4991038
120 1633844705.5008209
120 1633844705.6827512
120 1633844705.683844
120 1633844705.6883912
120 1633844705.6897912
120 1633844705.6904137
120 1633844705.6918905
120 1633844705.8550475
120 1633844705.856095
120 1633844705.8585448
120 1633844705.8603802
120 1633844705.8613575
120 1633844705.863007
120 1633844706.033001
120 1633844706.0340521
120 1633844706.0342615
120 1633844706.0353203
120 1633844706.037511
120 1633844706.0384002
120 1633844706.0396085
120 1633844706.0415845
120 1633844707.2618754
120 1633844707.2630522
120 1633844707.2633505
120 1633844707.2647424
120 1633844707.266672
120 1633844707.2675588
120 1633844707.2687612
120 1633844707.2706368
120 1633844707.7356298
120 1633844707.7367184
120 1633844707.7388473
120 1633844707.7409453
120 1633844707.7419052
120 1633844707.74268
120 1633844708.7463448
120 1633844708.747498
120 1633844708.7511559
120 1633844708.7529228
120 1633844708.7538097
120 1633844708.7556095
120 1633844709.4358065
120 1633844709.4368796
120 1633844709.4402928
120 1633844709.442429
120 1633844709.44336
120 1633844709.4443195
120 1633844709.5187335
120 1633844709.5198376
120 1633844709.5198867
120 1633844709.5210884
120 1633844709.5231934
120 1633844709.5240886
120 1633844709.5253248
120 1633844709.5272532
120 1633844709.7980762
120 1633844709.7992125
120 1633844709.8022969
120 1633844709.8044958
120 1633844709.8054802
120 1633844709.806492
120 1633844710.6880143
120 1633844710.6893604
120 1633844710.6916573
120 1633844710.6936748
120 1633844710.6944609
120 1633844710.694631
120 1633844710.8238037
120 1633844710.82496
120 1633844710.8278556
120 1633844710.828927
120 1633844710.8296938
120 1633844710.831239
120 1633844711.0236983
120 1633844711.024985
120 1633844711.0250378
120 1633844711.026221
120 1633844711.0284293
120 1633844711.0295773
120 1633844711.0314906
120 1633844711.0316298
120 1633844711.253521
120 1633844711.254692
120 1633844711.2580032
120 1633844711.2600684
120 1633844711.261059
120 1633844711.2637017
120 1633844711.3959537
120 1633844711.3970463
120 1633844711.3970857
120 1633844711.3981555
120 1633844711.4003217
120 1633844711.4013197
120 1633844711.40275
120 1633844711.4048836
120 1633844712.3543508
120 1633844712.3555815
120 1633844712.35982
120 1633844712.3611882
120 1633844712.3617651
120 1633844712.3633876
120 1633844712.4092658
120 1633844712.4101603
120 1633844712.410391
120 1633844712.4112048
120 1633844712.4137294
120 1633844712.4146633
120 1633844712.416672
120 1633844712.4167802
120 1633844712.9850268
120 1633844712.986277
120 1633844712.9897475
120 1633844712.9919105
120 1633844712.9927993
120 1633844712.9937782
120 1633844713.590667
120 1633844713.5918088
120 1633844713.5920966
120 1633844713.5931742
120 1633844713.5954998
120 1633844713.5964813
120 1633844713.5985832
120 1633844713.598703
120 1633844714.723945
120 1633844714.7251544
120 1633844714.7253535
120 1633844714.7267601
120 1633844714.7286313
120 1633844714.7295296
120 1633844714.7318313
120 1633844714.7333353
120 1633844715.1884122
120 1633844715.1895885
120 1633844715.1926234
120 1633844715.193641
120 1633844715.1948106
120 1633844715.196466
120 1633844716.2195272
120 1633844716.2207026
120 1633844716.220831
120 1633844716.2220528
120 1633844716.2241788
120 1633844716.2250857
120 1633844716.2263007
120 1633844716.228102
120 1633844716.3986948
120 1633844716.3997736
120 1633844716.3999553
120 1633844716.4008508
120 1633844716.4032056
120 1633844716.404085
120 1633844716.4052916
120 1633844716.407858
120 1633844716.7018828
120 1633844716.7030475
120 1633844716.7062316
120 1633844716.7075891
120 1633844716.7083807
120 1633844716.7101467
120 1633844717.099789
120 1633844717.1008806
120 1633844717.1010969
120 1633844717.1022897
120 1633844717.1042578
120 1633844717.1051652
120 1633844717.1064
120 1633844717.1084301
120 1633844718.0290754
120 1633844718.0303423
120 1633844718.0333447
120 1633844718.035593
120 1633844718.0365715
120 1633844718.0373313
120 1633844721.0559485
120 1633844721.0571246
120 1633844721.0603034
120 1633844721.061617
120 1633844721.0623586
120 1633844721.0639908
120 1633844721.5170348
120 1633844721.518162
120 1633844721.5183287
120 1633844721.5195324
120 1633844721.521597
120 1633844721.5224943
120 1633844721.523955
120 1633844721.5256014
120 1633844721.6213708
120 1633844721.6223407
120 1633844721.6226432
120 1633844721.623491
120 1633844721.6258178
120 1633844721.626816
120 1633844721.6278691
120 1633844721.628946
120 1633844723.8665948
120 1633844723.8678567
120 1633844723.8726587
120 1633844723.8737638
120 1633844723.8746934
120 1633844723.876177
120 1633844724.3346863
120 1633844724.335826
120 1633844724.33595
120 1633844724.3371556
120 1633844724.3393843
120 1633844724.3404167
120 1633844724.3416948
120 1633844724.3432925
120 1633844724.3864164
120 1633844724.3874295
120 1633844724.390006
120 1633844724.3922856
120 1633844724.3931632
120 1633844724.394298
120 1633844724.569378
120 1633844724.5705013
120 1633844724.5706236
120 1633844724.572012
120 1633844724.574168
120 1633844724.5750751
120 1633844724.5762467
120 1633844724.5783622
120 1633844724.8358564
120 1633844724.8369384
120 1633844724.837281
120 1633844724.8381655
120 1633844724.8402824
120 1633844724.8412752
120 1633844724.842595
120 1633844724.8441901
120 1633844725.4256709
120 1633844725.426645
120 1633844725.4271333
120 1633844725.42797
120 1633844725.4303205
120 1633844725.4312828
120 1633844725.4348736
120 1633844725.435443
120 1633844725.564096
120 1633844725.5651898
120 1633844725.5653467
120 1633844725.5665138
120 1633844725.5689843
120 1633844725.5700853
120 1633844725.5712676
120 1633844725.5731103
120 1633844726.4536116
120 1633844726.454905
120 1633844726.455109
120 1633844726.4564893
120 1633844726.4585898
120 1633844726.4596782
120 1633844726.4607332
120 1633844726.4626226
120 1633844729.0941398
120 1633844729.0953517
120 1633844729.0958395
120 1633844729.0965924
120 1633844729.0988948
120 1633844729.1010826
120 1633844729.101256
120 1633844729.1049025
120 1633844729.1603866
120 1633844729.1614034
120 1633844729.1615899
120 1633844729.1625342
120 1633844729.164845
120 1633844729.1657927
120 1633844729.1670065
120 1633844729.1690528
120 1633844730.079948
120 1633844730.0811563
120 1633844730.0843647
120 1633844730.0862384
120 1633844730.0868912
120 1633844730.0873706
120 1633844731.7414904
120 1633844731.742648
120 1633844731.747197
120 1633844731.748209
120 1633844731.749249
120 1633844731.7508903
120 1633844732.2094352
120 1633844732.2106614
120 1633844732.2139664
120 1633844732.2162309
120 1633844732.2169845
120 1633844732.2172565
120 1633844733.0533907
120 1633844733.0546734
120 1633844733.0579937
120 1633844733.059272
120 1633844733.0601406
120 1633844733.0616794
120 1633844736.008629
120 1633844736.009922
120 1633844736.0101767
120 1633844736.0113897
120 1633844736.013665
120 1633844736.0145597
120 1633844736.015852
120 1633844736.0175765
120 1633844736.8007157
120 1633844736.8018806
120 1633844736.805152
120 1633844736.807336
120 1633844736.808313
120 1633844736.8096344
120 1633844738.3554425
120 1633844738.3567183
120 1633844738.3569536
120 1633844738.3579714
120 1633844738.360106
120 1633844738.361193
120 1633844738.3624403
120 1633844738.3634102
120 1633844738.419008
120 1633844738.42
120 1633844738.4202466
120 1633844738.4210832
120 1633844738.4235902
120 1633844738.4245484
120 1633844738.4256742
120 1633844738.4278483
120 1633844738.5713143
120 1633844738.5724237
120 1633844738.5748076
120 1633844738.5775585
120 1633844738.5783508
120 1633844738.5789654
120 1633844738.580001
120 1633844738.5809636
120 1633844738.584979
120 1633844738.585604
120 1633844738.586829
120 1633844738.5885503
120 1633844738.9508944
120 1633844738.9521425
120 1633844738.95565
120 1633844738.957535
120 1633844738.9584963
120 1633844738.959562
120 1633844740.3201516
120 1633844740.321308
120 1633844740.3249903
120 1633844740.3270242
120 1633844740.3279939
120 1633844740.329548
120 1633844740.341443
120 1633844740.3424075
120 1633844740.3425953
120 1633844740.343563
120 1633844740.3471515
120 1633844740.3481188
120 1633844740.349227
120 1633844740.3514826
120 1633844742.0888984
120 1633844742.090108
120 1633844742.0933292
120 1633844742.0942473
120 1633844742.0952291
120 1633844742.0970857
120 1633844742.1472092
120 1633844742.148066
120 1633844742.1483784
120 1633844742.1492562
120 1633844742.1515367
120 1633844742.1524827
120 1633844742.1538243
120 1633844742.155816
120 1633844742.8333
120 1633844742.8346908
120 1633844742.8382888
120 1633844742.8407402
120 1633844742.8416967
120 1633844742.8424218
120 1633844743.4941711
120 1633844743.4953613
120 1633844743.4955995
120 1633844743.496632
120 1633844743.4989111
120 1633844743.5000107
120 1633844743.5011065
120 1633844743.5034335
120 1633844743.7009747
120 1633844743.7022736
120 1633844743.7025669
120 1633844743.7036948
120 1633844743.7056732
120 1633844743.7066078
120 1633844743.7079248
120 1633844743.7097018
120 1633844744.636927
120 1633844744.6382546
120 1633844744.6414049
120 1633844744.642879
120 1633844744.6437035
120 1633844744.6453273
120 1633844744.6546426
120 1633844744.6558158
120 1633844744.658609
120 1633844744.660655
120 1633844744.6617532
120 1633844744.6628926
120 1633844746.927253
120 1633844746.9285228
120 1633844746.934279
120 1633844746.9354901
120 1633844746.9361403
120 1633844746.9378436
120 1633844746.9519358
120 1633844746.952925
120 1633844746.9529483
120 1633844746.9542873
120 1633844746.9561436
120 1633844746.9571254
120 1633844746.9585142
120 1633844746.9601886
120 1633844751.9485118
120 1633844751.9496377
120 1633844751.9516683
120 1633844751.9536452
120 1633844752.8210216
120 1633844752.822425
120 1633844752.8246043
120 1633844752.8266597
120 1633844753.1349154
120 1633844753.136178
120 1633844753.1382947
120 1633844753.140325
120 1633844753.6725845
120 1633844753.6740434
120 1633844753.6762066
120 1633844753.6781585
120 1633844753.8076022
120 1633844753.8087523
120 1633844753.8107364
120 1633844753.8128264
120 1633844754.173016
120 1633844754.174324
120 1633844754.1763585
120 1633844754.178452
120 1633844757.3508751
120 1633844757.3522162
120 1633844757.3543847
120 1633844757.356593
120 1633844757.5238874
120 1633844757.5250998
120 1633844757.5272388
120 1633844757.529881
120 1633844757.5634532
120 1633844757.5644846
120 1633844757.5666258
120 1633844757.568617
120 1633844757.779693
120 1633844757.7809432
120 1633844757.7829309
120 1633844757.7850673
120 1633844758.6695092
120 1633844758.670846
120 1633844758.6731286
120 1633844758.6752448
120 1633844759.2095246
120 1633844759.210973
120 1633844759.2130609
120 1633844759.2152169
120 1633844760.3848748
120 1633844760.386075
120 1633844760.3881593
120 1633844760.390309
120 1633844761.074815
120 1633844761.0762315
120 1633844761.0785024
120 1633844761.0806558
120 1633844764.790709
120 1633844764.7923346
120 1633844764.794409
120 1633844764.7965512
120 1633844764.803295
120 1633844764.8043652
120 1633844764.8063974
120 1633844764.8084843
120 1633844768.263665
120 1633844768.2652187
120 1633844768.2672575
120 1633844768.2692752
120 1633844769.3107884
120 1633844769.3120978
120 1633844769.3143573
120 1633844769.316571
120 1633844771.0244548
120 1633844771.0255847
120 1633844771.0277662
120 1633844771.0296981
120 1633844771.2178993
120 1633844771.2191236
120 1633844771.2212403
120 1633844771.2233996
120 1633844771.5554373
120 1633844771.5566037
120 1633844771.5587897
120 1633844771.5610054
120 1633844772.494008
120 1633844772.4953058
120 1633844772.4974055
120 1633844772.4994574
120 1633844773.1908498
120 1633844773.1920052
120 1633844773.1943674
120 1633844773.196554
120 1633844773.4445212
120 1633844773.4456892
120 1633844773.4479446
120 1633844773.4500713
120 1633844774.629959
120 1633844774.6313014
120 1633844774.6334174
120 1633844774.635594
120 1633844776.5961778
120 1633844776.5973082
120 1633844776.5996025
120 1633844776.601908
120 1633844776.676324
120 1633844776.6775956
120 1633844776.6796684
120 1633844776.6817389
120 1633844777.0580857
120 1633844777.059347
120 1633844777.0615156
120 1633844777.0637789
120 1633844777.1883264
120 1633844777.1894474
120 1633844777.195746
120 1633844777.197855
120 1633844777.5952222
120 1633844777.596666
120 1633844777.5995038
120 1633844777.6016016
120 1633844777.8162878
120 1633844777.817541
120 1633844777.820102
120 1633844777.8222532
120 1633844778.0363228
120 1633844778.0376766
120 1633844778.039782
120 1633844778.0419514
120 1633844780.449151
120 1633844780.4506466
120 1633844780.452695
120 1633844780.455086
120 1633844781.5113127
120 1633844781.5127594
120 1633844781.514707
120 1633844781.516885
120 1633844781.8435857
120 1633844781.8450253
120 1633844781.8470197
120 1633844781.8490148
120 1633844782.7244513
120 1633844782.7259424
120 1633844782.7282732
120 1633844782.7305253
120 1633844782.8816173
120 1633844782.8826447
120 1633844782.8847277
120 1633844782.8869298
120 1633844783.1795347
120 1633844783.1807208
120 1633844783.1827855
120 1633844783.1850274
120 1633844783.2031872
120 1633844783.2041645
120 1633844783.2062318
120 1633844783.2095516
120 1633844786.1647213
120 1633844786.1661491
120 1633844786.168278
120 1633844786.170425
120 1633844786.2836416
120 1633844786.2847216
120 1633844786.2868152
120 1633844786.2887833
120 1633844786.6135173
120 1633844786.6145453
120 1633844786.6179554
120 1633844786.6202488
120 1633844786.9203906
120 1633844786.921798
120 1633844786.9239392
120 1633844786.9260645
120 1633844787.5695016
120 1633844787.5706792
120 1633844787.5728025
120 1633844787.574831
120 1633844790.0229847
120 1633844790.0243917
120 1633844790.0274072
120 1633844790.029562
120 1633844792.1561122
120 1633844792.1573806
120 1633844792.162139
120 1633844792.1643236
120 1633844792.206179
120 1633844792.2082007
120 1633844792.2122266
120 1633844792.214076
120 1633844793.055218
120 1633844793.056489
120 1633844793.0586267
120 1633844793.0606873
120 1633844795.7636454
120 1633844795.7647827
120 1633844795.766709
120 1633844795.7687924
120 1633844797.1518626
120 1633844797.153278
120 1633844797.1551492
120 1633844797.157242
120 1633844797.6136546
120 1633844797.6151114
120 1633844797.6171722
120 1633844797.6200852
120 1633844798.1249979
120 1633844798.1263192
120 1633844798.128479
120 1633844798.1305778
120 1633844803.449501
120 1633844803.4508083
120 1633844803.4529996
120 1633844803.4550278
120 1633844803.9346993
120 1633844803.9361396
120 1633844803.9383132
120 1633844803.94053
120 1633844804.2977057
120 1633844804.2989657
120 1633844804.3011649
120 1633844804.3032768
120 1633844805.9941776
120 1633844805.9954102
120 1633844805.9984345
120 1633844806.000574
120 1633844806.3728077
120 1633844806.3739495
120 1633844806.3762145
120 1633844806.3791099
120 1633844808.0155396
120 1633844808.016939
120 1633844808.0193212
120 1633844808.0216966
120 1633844808.202431
120 1633844808.2035449
120 1633844808.2055762
120 1633844808.2087927
120 1633844811.671209
120 1633844811.6727672
120 1633844811.6751337
120 1633844811.6771705
120 1633844811.9922433
120 1633844811.9937203
120 1633844811.9956045
120 1633844811.9977596
120 1633844812.7328982
120 1633844812.7340605
120 1633844812.736245
120 1633844812.7384167
120 1633844813.1375659
120 1633844813.1387033
120 1633844813.1410542
120 1633844813.1430576
120 1633844813.5257611
120 1633844813.5270612
120 1633844813.530705
120 1633844813.5328565
120 1633844813.7528045
120 1633844813.7541459
120 1633844813.7562191
120 1633844813.7582226
120 1633844813.9663901
120 1633844813.9676774
120 1633844813.9697587
120 1633844813.9725258
120 1633844814.4994516
120 1633844814.5006897
120 1633844814.5031111
120 1633844814.5051384
120 1633844814.5179753
120 1633844814.5189798
120 1633844814.5211391
120 1633844814.5231812
120 1633844816.4888062
120 1633844816.4900932
120 1633844816.4937408
120 1633844816.4959438
120 1633844816.8915505
120 1633844816.8929787
120 1633844816.8951766
120 1633844816.8974867
120 1633844817.4477777
120 1633844817.4490197
120 1633844817.4512417
120 1633844817.4535575
120 1633844819.3650398
120 1633844819.3664453
120 1633844819.3685312
120 1633844819.3706675
120 1633844819.6553974
120 1633844819.6566803
120 1633844819.6588304
120 1633844819.6609428
120 1633844820.5523329
120 1633844820.5539253
120 1633844820.555784
120 1633844820.5577967
120 1633844821.6857953
120 1633844821.6868095
120 1633844821.6890054
120 1633844821.6909788
120 1633844824.1517255
120 1633844824.1529703
120 1633844824.155139
120 1633844824.15718
120 1633844826.2125607
120 1633844826.2140775
120 1633844826.2158682
120 1633844826.2180347
120 1633844827.2672331
120 1633844827.2685332
120 1633844827.270805
120 1633844827.273025
120 1633844829.4185178
120 1633844829.419894
120 1633844829.4221437
120 1633844829.4242806
120 1633844829.631745
120 1633844829.6327915
120 1633844829.6348438
120 1633844829.636971
120 1633844831.8780851
120 1633844831.8792672
120 1633844831.883388
120 1633844831.88581
120 1633844831.9050217
120 1633844831.9062877
120 1633844831.9083583
120 1633844831.9103973
120 1633844833.7819216
120 1633844833.783165
120 1633844833.785325
120 1633844833.7873404
120 1633844836.1891725
120 1633844836.190562
120 1633844836.1928225
120 1633844836.1947892
120 1633844836.3674932
120 1633844836.3687882
120 1633844836.3710048
120 1633844836.373083
120 1633844837.0557199
120 1633844837.0569413
120 1633844837.0599253
120 1633844837.0621953
120 1633844837.3530965
120 1633844837.3544207
120 1633844837.3564787
120 1633844837.358757
120 1633844837.834692
120 1633844837.8360581
120 1633844837.8381412
120 1633844837.8404317
120 1633844837.9913409
120 1633844837.9924579
120 1633844837.9947295
120 1633844837.996788
120 1633844838.8494103
120 1633844838.8507407
120 1633844838.852664
120 1633844838.8550096
120 1633844839.4167347
120 1633844839.417762
120 1633844839.4200134
120 1633844839.4221592
120 1633844840.3110123
120 1633844840.3122816
120 1633844840.3144855
120 1633844840.3166018
120 1633844841.0836682
120 1633844841.0850472
120 1633844841.087287
120 1633844841.0896437
120 1633844842.505263
120 1633844842.5066097
120 1633844842.5088537
120 1633844842.5108662
120 1633844845.7872074
120 1633844845.7886097
120 1633844845.7905889
120 1633844845.79281
120 1633844846.9143438
120 1633844846.9155824
120 1633844846.917811
120 1633844846.9198322
120 1633844847.3446457
120 1633844847.3459342
120 1633844847.3480723
120 1633844847.3503997
120 1633844847.6922147
120 1633844847.6936014
120 1633844847.6955566
120 1633844847.6985056
120 1633844847.9633498
120 1633844847.9662125
120 1633844847.9682202
120 1633844847.9704509
