120 1633844649.493332
120 1633844649.497869
120 1633844649.4988441
120 1633844649.499903
120 1633844649.5012972
120 1633844649.5033774
120 1633844649.5077224
120 1633844649.509782
120 1633844649.813911
120 1633844649.8149712
120 1633844649.8187108
120 1633844649.8208861
120 1633844650.0290608
120 1633844650.0299594
120 1633844650.0300875
120 1633844650.0306783
120 1633844650.0319798
120 1633844650.0329058
120 1633844650.0347753
120 1633844650.0355744
120 1633844650.0363483
120 1633844650.0372627
120 1633844650.037389
120 1633844650.0382097
120 1633844650.0400908
120 1633844650.0409005
120 1633844650.0410793
120 1633844650.0420434
120 1633844650.044629
120 1633844650.0459666
120 1633844650.0466924
120 1633844650.0481288
120 1633844650.070445
120 1633844650.07137
120 1633844650.076419
120 1633844650.0777
120 1633844650.0782053
120 1633844650.079684
120 1633844650.518352
120 1633844650.5194697
120 1633844650.5224724
120 1633844650.5243917
120 1633844650.5247684
120 1633844650.525928
120 1633844650.7823086
120 1633844650.7833724
120 1633844650.7837894
120 1633844650.7847085
120 1633844650.786834
120 1633844650.7878551
120 1633844650.7899582
120 1633844650.7917244
120 1633844650.946105
120 1633844650.9471087
120 1633844650.9494357
120 1633844650.9515607
120 1633844650.9516747
120 1633844650.9528372
120 1633844651.415537
120 1633844651.4166436
120 1633844651.4169226
120 1633844651.4180386
120 1633844651.4201968
120 1633844651.4211392
120 1633844651.4235036
120 1633844651.4271448
120 1633844652.0022147
120 1633844652.0032384
120 1633844652.0068538
120 1633844652.008873
120 1633844652.0090108
120 1633844652.0097303
120 1633844653.6708953
120 1633844653.672184
120 1633844653.675515
120 1633844653.6767147
120 1633844653.677425
120 1633844653.6789641
120 1633844655.1235807
120 1633844655.1246784
120 1633844655.1250868
120 1633844655.1263256
120 1633844655.1283154
120 1633844655.1294186
120 1633844655.1317148
120 1633844655.1331797
120 1633844655.6050727
120 1633844655.6064014
120 1633844655.6099088
120 1633844655.6116984
120 1633844655.6119246
120 1633844655.6127064
120 1633844655.7550812
120 1633844655.7561193
120 1633844655.756772
120 1633844655.757399
120 1633844655.759069
120 1633844655.7599854
120 1633844655.7624922
120 1633844655.763958
120 1633844656.0085325
120 1633844656.0095923
120 1633844656.0132303
120 1633844656.015144
120 1633844656.0152612
120 1633844656.0164232
120 1633844656.6546385
120 1633844656.6557395
120 1633844656.6589608
120 1633844656.661129
120 1633844656.6612556
120 1633844656.6620038
120 1633844657.0962503
120 1633844657.0974896
120 1633844657.10404
120 1633844657.105801
120 1633844657.1062539
120 1633844657.1068163
120 1633844658.4628599
120 1633844658.4640691
120 1633844658.4645672
120 1633844658.4655614
120 1633844658.467739
120 1633844658.4686785
120 1633844658.47103
120 1633844658.472314
120 1633844661.032146
120 1633844661.033374
120 1633844661.0370207
120 1633844661.038875
120 1633844661.0392807
120 1633844661.039857
120 1633844661.4539578
120 1633844661.4551747
120 1633844661.4592667
120 1633844661.460416
120 1633844661.4614747
120 1633844661.4629889
120 1633844662.2341292
120 1633844662.2351828
120 1633844662.2357461
120 1633844662.236582
120 1633844662.2399316
120 1633844662.2408621
120 1633844662.2429862
120 1633844662.2447062
120 1633844662.8829274
120 1633844662.8840716
120 1633844662.8844106
120 1633844662.8856485
120 1633844662.8874874
120 1633844662.8884246
120 1633844662.8906486
120 1633844662.8921413
120 1633844664.7412155
120 1633844664.7422218
120 1633844664.7426891
120 1633844664.7435663
120 1633844664.7456808
120 1633844664.7465084
120 1633844664.748809
120 1633844664.7501345
120 1633844664.804972
120 1633844664.805835
120 1633844664.8060782
120 1633844664.806956
120 1633844664.8092418
120 1633844664.8101716
120 1633844664.811467
120 1633844664.8136184
120 1633844664.8901389
120 1633844664.8909569
120 1633844664.8932958
120 1633844664.8952334
120 1633844664.8961768
120 1633844664.8990462
120 1633844665.2541585
120 1633844665.2551239
120 1633844665.259777
120 1633844665.2609503
120 1633844665.2615547
120 1633844665.2632985
120 1633844665.6417305
120 1633844665.6429358
120 1633844665.6429794
120 1633844665.6440785
120 1633844665.648121
120 1633844665.6490939
120 1633844665.650973
120 1633844665.652722
120 1633844666.760367
120 1633844666.7615619
120 1633844666.7646956
120 1633844666.7667952
120 1633844666.7669094
120 1633844666.7678518
120 1633844666.9015803
120 1633844666.9027681
120 1633844666.9028149
120 1633844666.903938
120 1633844666.9061728
120 1633844666.9071445
120 1633844666.9091465
120 1633844666.9092922
120 1633844667.0215788
120 1633844667.0227807
120 1633844667.023033
120 1633844667.023915
120 1633844667.0261834
120 1633844667.0271997
120 1633844667.0292273
120 1633844667.030951
120 1633844667.4803717
120 1633844667.4816747
120 1633844667.4849243
120 1633844667.4870517
120 1633844667.4871767
120 1633844667.4883497
120 1633844668.2153904
120 1633844668.216477
120 1633844668.2168665
120 1633844668.2179625
120 1633844668.22061
120 1633844668.221563
120 1633844668.22379
120 1633844668.2250316
120 1633844668.3304255
120 1633844668.3314073
120 1633844668.3336036
120 1633844668.33596
120 1633844668.3371737
120 1633844668.3374095
120 1633844668.585501
120 1633844668.5866063
120 1633844668.5866916
120 1633844668.589961
120 1633844668.5920897
120 1633844668.5929532
120 1633844668.5951867
120 1633844668.5966516
120 1633844668.8495653
120 1633844668.8505776
120 1633844668.850824
120 1633844668.8517153
120 1633844668.8541465
120 1633844668.8550847
120 1633844668.857235
120 1633844668.8588567
120 1633844668.881895
120 1633844668.8827853
120 1633844668.8851097
120 1633844668.8870027
120 1633844668.8877997
120 1633844668.888959
120 1633844668.9746373
120 1633844668.9756048
120 1633844668.9791207
120 1633844668.981118
120 1633844668.981153
120 1633844668.9822528
120 1633844669.7805636
120 1633844669.7816694
120 1633844669.7849615
120 1633844669.7870762
120 1633844669.7872021
120 1633844669.7881072
120 1633844670.2778904
120 1633844670.2789507
120 1633844670.2835662
120 1633844670.2853258
120 1633844670.2854645
120 1633844670.286741
120 1633844671.0311444
120 1633844671.0323896
120 1633844671.0327094
120 1633844671.0336094
120 1633844671.0361536
120 1633844671.0371125
120 1633844671.0393531
120 1633844671.0406158
120 1633844671.2450454
120 1633844671.2460577
120 1633844671.2494226
120 1633844671.2515073
120 1633844671.2515655
120 1633844671.2523556
120 1633844671.9896479
120 1633844671.9907947
120 1633844671.9959385
120 1633844671.9973645
120 1633844671.9981382
120 1633844671.999723
120 1633844672.2630167
120 1633844672.2642589
120 1633844672.2785137
120 1633844672.280501
120 1633844672.2815442
120 1633844672.2833214
120 1633844672.942649
120 1633844672.944038
120 1633844672.944243
120 1633844672.945608
120 1633844672.9475384
120 1633844672.948569
120 1633844672.9506872
120 1633844672.9521475
120 1633844673.7354164
120 1633844673.736732
120 1633844673.7397568
120 1633844673.741641
120 1633844673.7418728
120 1633844673.74314
120 1633844674.8095317
120 1633844674.8106003
120 1633844674.8140376
120 1633844674.816173
120 1633844674.816285
120 1633844674.8171313
120 1633844675.0153463
120 1633844675.01657
120 1633844675.0196302
120 1633844675.0218058
120 1633844675.0219166
120 1633844675.0228045
120 1633844675.772787
120 1633844675.7741182
120 1633844675.774194
120 1633844675.7754507
120 1633844675.7776487
120 1633844675.7786255
120 1633844675.7806711
120 1633844675.782642
120 1633844677.0139143
120 1633844677.0150108
120 1633844677.0184598
120 1633844677.0196974
120 1633844677.0204027
120 1633844677.0221179
120 1633844677.2783427
120 1633844677.279427
120 1633844677.2837722
120 1633844677.2857623
120 1633844677.2862732
120 1633844677.2878385
120 1633844677.4236474
120 1633844677.4246411
120 1633844677.4268541
120 1633844677.428994
120 1633844677.4299564
120 1633844677.4316092
120 1633844678.1733308
120 1633844678.1745028
120 1633844678.174693
120 1633844678.175819
120 1633844678.1782713
120 1633844678.179212
120 1633844678.1802347
120 1633844678.1824455
120 1633844678.2410648
120 1633844678.2420366
120 1633844678.246735
120 1633844678.248595
120 1633844678.2488177
120 1633844678.2495773
120 1633844679.0770512
120 1633844679.0782492
120 1633844679.08026
120 1633844679.0826623
120 1633844679.0834887
120 1633844679.0836296
120 1633844680.1208296
120 1633844680.1222389
120 1633844680.1223187
120 1633844680.123492
120 1633844680.1258514
120 1633844680.1268344
120 1633844680.1290164
120 1633844680.1305215
120 1633844681.0250275
120 1633844681.0261946
120 1633844681.029151
120 1633844681.031083
120 1633844681.031648
120 1633844681.0321329
120 1633844682.933566
120 1633844682.9348521
120 1633844682.9350116
120 1633844682.936285
120 1633844682.9383664
120 1633844682.939387
120 1633844682.941531
120 1633844682.9428947
120 1633844683.638976
120 1633844683.6402683
120 1633844683.6406388
120 1633844683.6415236
120 1633844683.6438782
120 1633844683.6447635
120 1633844683.6475542
120 1633844683.6495955
120 1633844683.6850808
120 1633844683.6860142
120 1633844683.688976
120 1633844683.6909492
120 1633844683.691094
120 1633844683.6919506
120 1633844684.159432
120 1633844684.1605172
120 1633844684.1641462
120 1633844684.166132
120 1633844684.1662595
120 1633844684.1672776
120 1633844684.789786
120 1633844684.790969
120 1633844684.7942328
120 1633844684.796197
120 1633844684.7963161
120 1633844684.7972
120 1633844685.7198584
120 1633844685.7211378
120 1633844685.7242436
120 1633844685.7265418
120 1633844685.72713
120 1633844685.7287288
120 1633844686.208301
120 1633844686.2096453
120 1633844686.2128408
120 1633844686.2148812
120 1633844686.215005
120 1633844686.2159176
120 1633844688.3603122
120 1633844688.3614058
120 1633844688.3617754
120 1633844688.362725
120 1633844688.3647072
120 1633844688.3656385
120 1633844688.3686333
120 1633844688.3700085
120 1633844688.6559527
120 1633844688.6571136
120 1633844688.6602192
120 1633844688.6622825
120 1633844688.6624446
120 1633844688.6632652
120 1633844688.7036376
120 1633844688.7046263
120 1633844688.704792
120 1633844688.7057352
120 1633844688.7079878
120 1633844688.7089612
120 1633844688.7109194
120 1633844688.712672
120 1633844689.597186
120 1633844689.5986435
120 1633844689.5987287
120 1633844689.6001132
120 1633844689.6020808
120 1633844689.603018
120 1633844689.605156
120 1633844689.606583
120 1633844689.8422234
120 1633844689.8434122
120 1633844689.8435247
120 1633844689.8448431
120 1633844689.8468344
120 1633844689.8478873
120 1633844689.8501399
120 1633844689.8514364
120 1633844689.8600059
120 1633844689.8611605
120 1633844689.861279
120 1633844689.8625953
120 1633844689.8644779
120 1633844689.8654397
120 1633844689.8676636
120 1633844689.8690171
120 1633844689.9381554
120 1633844689.9392447
120 1633844689.9393513
120 1633844689.940346
120 1633844689.9425492
120 1633844689.9435136
120 1633844689.9455743
120 1633844689.9468467
120 1633844690.6372783
120 1633844690.6383853
120 1633844690.6386273
120 1633844690.6396887
120 1633844690.6439009
120 1633844690.6449182
120 1633844690.6471355
120 1633844690.648438
120 1633844691.3444533
120 1633844691.3455176
120 1633844691.3488047
120 1633844691.3507535
120 1633844691.350881
120 1633844691.351594
120 1633844691.5312304
120 1633844691.53244
120 1633844691.5356019
120 1633844691.537521
120 1633844691.5378473
120 1633844691.5389867
120 1633844691.8124063
120 1633844691.813474
120 1633844691.8177378
120 1633844691.819797
120 1633844691.8199437
120 1633844691.820682
120 1633844693.727607
120 1633844693.728841
120 1633844693.7341514
120 1633844693.7363062
120 1633844693.736417
120 1633844693.7372756
120 1633844693.9462404
120 1633844693.947341
120 1633844693.9474828
120 1633844693.948708
120 1633844693.9506018
120 1633844693.9516828
120 1633844693.953748
120 1633844693.955486
120 1633844694.1596792
120 1633844694.1608999
120 1633844694.1640332
120 1633844694.1658816
120 1633844694.1662867
120 1633844694.1668816
120 1633844695.0805693
120 1633844695.0816894
120 1633844695.0820868
120 1633844695.0830576
120 1633844695.085119
120 1633844695.0862467
120 1633844695.0874658
120 1633844695.0893517
120 1633844695.3572092
120 1633844695.3582594
120 1633844695.3615391
120 1633844695.3627138
120 1633844695.3635995
120 1633844695.36517
120 1633844696.6458254
120 1633844696.6471448
120 1633844696.6485722
120 1633844696.6495216
120 1633844696.6502476
120 1633844696.6516519
120 1633844696.6525238
120 1633844696.6531093
120 1633844696.6540806
120 1633844696.6549938
120 1633844696.6569831
120 1633844696.6579819
120 1633844696.6591322
120 1633844696.6618311
120 1633844696.9081461
120 1633844696.9093168
120 1633844696.9123607
120 1633844696.9144585
120 1633844696.9145763
120 1633844696.9155192
120 1633844697.0228088
120 1633844697.023813
120 1633844697.0279446
120 1633844697.0300868
120 1633844697.0305839
120 1633844697.0315053
120 1633844698.0770493
120 1633844698.0782917
120 1633844698.0783265
120 1633844698.0796804
120 1633844698.0814545
120 1633844698.082367
120 1633844698.0851867
120 1633844698.0868142
120 1633844700.3253016
120 1633844700.3266425
120 1633844700.3311958
120 1633844700.3334978
120 1633844700.3336139
120 1633844700.3346636
120 1633844700.7538295
120 1633844700.7550125
120 1633844700.758482
120 1633844700.7604802
120 1633844700.7605908
120 1633844700.761787
120 1633844700.998939
120 1633844701.0002701
120 1633844701.003891
120 1633844701.005928
120 1633844701.0059907
120 1633844701.0072486
120 1633844702.3521574
120 1633844702.3533463
120 1633844702.356731
120 1633844702.3586123
120 1633844702.3588374
120 1633844702.3596232
120 1633844702.5958302
120 1633844702.5969424
120 1633844702.597249
120 1633844702.598251
120 1633844702.600308
120 1633844702.6018217
120 1633844702.6035073
120 1633844702.6057277
120 1633844702.9130502
120 1633844702.9143202
120 1633844702.9145117
120 1633844702.9156137
120 1633844702.9178286
120 1633844702.918863
120 1633844702.9210696
120 1633844702.9225824
120 1633844704.1914766
120 1633844704.1926124
120 1633844704.1957183
120 1633844704.197887
120 1633844704.1979997
120 1633844704.1988406
120 1633844705.2701483
120 1633844705.271317
120 1633844705.2752104
120 1633844705.2772706
120 1633844705.2774522
120 1633844705.2784867
120 1633844705.4912899
120 1633844705.492313
120 1633844705.4925828
120 1633844705.4935753
120 1633844705.495794
120 1633844705.4968977
120 1633844705.499031
120 1633844705.5008655
120 1633844705.6826317
120 1633844705.6838446
120 1633844705.6839278
120 1633844705.685124
120 1633844705.6873503
120 1633844705.6883168
120 1633844705.6906369
120 1633844705.6919987
120 1633844705.8538618
120 1633844705.8548753
120 1633844705.85939
120 1633844705.8614063
120 1633844705.8615162
120 1633844705.8627431
120 1633844706.034121
120 1633844706.0350692
120 1633844706.038428
120 1633844706.040365
120 1633844706.0405474
120 1633844706.0413861
120 1633844707.2631679
120 1633844707.264533
120 1633844707.2675927
120 1633844707.2695699
120 1633844707.2697067
120 1633844707.2705612
120 1633844707.734407
120 1633844707.7355943
120 1633844707.739726
120 1633844707.7416008
120 1633844707.7419422
120 1633844707.7425733
120 1633844708.7461274
120 1633844708.747288
120 1633844708.7475235
120 1633844708.7489843
120 1633844708.7510705
120 1633844708.751964
120 1633844708.7538428
120 1633844708.7540636
120 1633844709.4369388
120 1633844709.43814
120 1633844709.441154
120 1633844709.4432209
120 1633844709.443398
120 1633844709.444251
120 1633844709.5198774
120 1633844709.5209715
120 1633844709.5241096
120 1633844709.5261676
120 1633844709.5262723
120 1633844709.5271778
120 1633844709.7989757
120 1633844709.800007
120 1633844709.8032112
120 1633844709.8053937
120 1633844709.805506
120 1633844709.8063989
120 1633844710.6866798
120 1633844710.6878405
120 1633844710.6881576
120 1633844710.6894345
120 1633844710.691572
120 1633844710.6925151
120 1633844710.6944847
120 1633844710.6962132
120 1633844710.8227768
120 1633844710.8237011
120 1633844710.824142
120 1633844710.825008
120 1633844710.8267536
120 1633844710.8277826
120 1633844710.8297188
120 1633844710.8298373
120 1633844711.0250747
120 1633844711.026156
120 1633844711.028459
120 1633844711.030452
120 1633844711.0314114
120 1633844711.0332215
120 1633844711.2543833
120 1633844711.255475
120 1633844711.260109
120 1633844711.2609606
120 1633844711.2621255
120 1633844711.2635965
120 1633844711.397109
120 1633844711.3980598
120 1633844711.4013507
120 1633844711.4035335
120 1633844711.4037054
120 1633844711.4048083
120 1633844712.354146
120 1633844712.3552933
120 1633844712.355623
120 1633844712.3567083
120 1633844712.358713
120 1633844712.3597448
120 1633844712.3617923
120 1633844712.3621194
120 1633844712.4102168
120 1633844712.4111342
120 1633844712.413756
120 1633844712.4156756
120 1633844712.4165936
120 1633844712.4183037
120 1633844712.9860716
120 1633844712.9871888
120 1633844712.9907062
120 1633844712.9927151
120 1633844712.9928355
120 1633844712.9936666
120 1633844713.5918918
120 1633844713.5930629
120 1633844713.5955248
120 1633844713.5976398
120 1633844713.5985012
120 1633844713.6001227
120 1633844714.7252681
120 1633844714.7265556
120 1633844714.7295618
120 1633844714.7309208
120 1633844714.731753
120 1633844714.7332618
120 1633844715.1869624
120 1633844715.1881282
120 1633844715.1882486
120 1633844715.1896133
120 1633844715.191602
120 1633844715.1925342
120 1633844715.1944916
120 1633844715.1948285
120 1633844716.2196512
120 1633844716.2207372
120 1633844716.2251456
120 1633844716.2270303
120 1633844716.2272708
120 1633844716.2280242
120 1633844716.399834
120 1633844716.400762
120 1633844716.4041245
120 1633844716.4062343
120 1633844716.406686
120 1633844716.4077616
120 1633844716.7005944
120 1633844716.7017055
120 1633844716.70184
120 1633844716.7030807
120 1633844716.7052193
120 1633844716.706157
120 1633844716.708512
120 1633844716.71018
120 1633844717.101006
120 1633844717.102168
120 1633844717.1052136
120 1633844717.1073804
120 1633844717.1075351
120 1633844717.1083624
120 1633844718.030144
120 1633844718.0311327
120 1633844718.0341296
120 1633844718.0361896
120 1633844718.0365958
120 1633844718.0372388
120 1633844721.0542355
120 1633844721.055728
120 1633844721.0557604
120 1633844721.0571632
120 1633844721.0592806
120 1633844721.0602164
120 1633844721.0626187
120 1633844721.064025
120 1633844721.518254
120 1633844721.519445
120 1633844721.5225356
120 1633844721.5245764
120 1633844721.5249026
120 1633844721.5255375
120 1633844721.6223996
120 1633844721.6233594
120 1633844721.6268466
120 1633844721.6288748
120 1633844721.6289864
120 1633844721.6301415
120 1633844723.8676443
120 1633844723.868826
120 1633844723.8717604
120 1633844723.8736544
120 1633844723.8747816
120 1633844723.8762126
120 1633844724.335943
120 1633844724.3370829
120 1633844724.3404646
120 1633844724.342301
120 1633844724.3425407
120 1633844724.3432052
120 1633844724.3855002
120 1633844724.386449
120 1633844724.3909206
120 1633844724.3928628
120 1633844724.3931894
120 1633844724.3942192
120 1633844724.5705762
120 1633844724.5718002
120 1633844724.5751114
120 1633844724.5770197
120 1633844724.5772042
120 1633844724.5782893
120 1633844724.8370159
120 1633844724.838039
120 1633844724.841298
120 1633844724.8431506
120 1633844724.8435001
120 1633844724.8441222
120 1633844725.4267225
120 1633844725.4278588
120 1633844725.4313087
120 1633844725.4324245
120 1633844725.4332182
120 1633844725.4347992
120 1633844725.5652542
120 1633844725.5663831
120 1633844725.5701113
120 1633844725.572151
120 1633844725.572198
120 1633844725.5730388
120 1633844726.4551826
120 1633844726.4564095
120 1633844726.4597013
120 1633844726.4615874
120 1633844726.4618294
120 1633844726.4625618
120 1633844729.095474
120 1633844729.0964766
120 1633844729.1012936
120 1633844729.102037
120 1633844729.1032333
120 1633844729.104819
120 1633844729.1614482
120 1633844729.162443
120 1633844729.1658275
120 1633844729.1678433
120 1633844729.1680179
120 1633844729.1689818
120 1633844730.0786254
120 1633844730.0797372
120 1633844730.0834088
120 1633844730.0854955
120 1633844730.0867887
120 1633844730.0874038
120 1633844731.7412908
120 1633844731.7424712
120 1633844731.74274
120 1633844731.7440515
120 1633844731.7459805
120 1633844731.747123
120 1633844731.7492785
120 1633844731.749383
120 1633844732.210626
120 1633844732.211687
120 1633844732.2149463
120 1633844732.2162764
120 1633844732.216916
120 1633844732.2185109
120 1633844733.0520396
120 1633844733.0532098
120 1633844733.0535352
120 1633844733.0547945
120 1633844733.0569787
120 1633844733.0579226
120 1633844733.0601976
120 1633844733.0617034
120 1633844736.0088181
120 1633844736.010093
120 1633844736.0145955
120 1633844736.0165458
120 1633844736.0167155
120 1633844736.0175107
120 1633844736.8017075
120 1633844736.802802
120 1633844736.806108
120 1633844736.8074
120 1633844736.8081105
120 1633844736.8095274
120 1633844738.356823
120 1633844738.3578577
120 1633844738.3612218
120 1633844738.3633568
120 1633844738.363467
120 1633844738.3643174
120 1633844738.4200437
120 1633844738.4209943
120 1633844738.4245877
120 1633844738.4266768
120 1633844738.4267256
120 1633844738.4277837
120 1633844738.5700698
120 1633844738.571145
120 1633844738.5759175
120 1633844738.5761755
120 1633844738.5774753
120 1633844738.5783532
120 1633844738.5789924
120 1633844738.5799468
120 1633844738.5801225
120 1633844738.5814738
120 1633844738.5833514
120 1633844738.5848927
120 1633844738.58663
120 1633844738.5868587
120 1633844738.952014
120 1633844738.9531293
120 1633844738.9566064
120 1633844738.958521
120 1633844738.9586287
120 1633844738.9594927
120 1633844740.3212187
120 1633844740.3223875
120 1633844740.3261065
120 1633844740.328024
120 1633844740.3281415
120 1633844740.3294423
120 1633844740.3424494
120 1633844740.3434803
120 1633844740.3481605
120 1633844740.3500679
120 1633844740.3502047
120 1633844740.3513732
120 1633844742.087551
120 1633844742.0887294
120 1633844742.0888474
120 1633844742.0901308
120 1633844742.0922046
120 1633844742.0932522
120 1633844742.0952036
120 1633844742.0971289
120 1633844742.1481266
120 1633844742.1491938
120 1633844742.1525059
120 1633844742.1543818
120 1633844742.1546495
120 1633844742.1557498
120 1633844742.8345542
120 1633844742.8358214
120 1633844742.8391757
120 1633844742.8413522
120 1633844742.8417292
120 1633844742.8423047
120 1633844743.4954526
120 1633844743.496511
120 1633844743.500042
120 1633844743.5020196
120 1633844743.5021133
120 1633844743.50336
120 1633844743.7023516
120 1633844743.703574
120 1633844743.706642
120 1633844743.708655
120 1633844743.7088873
120 1633844743.709626
120 1633844744.6356444
120 1633844744.6367507
120 1633844744.6371412
120 1633844744.6382806
120 1633844744.6403925
120 1633844744.6413324
120 1633844744.6437333
120 1633844744.6438408
120 1633844744.6555986
120 1633844744.656496
120 1633844744.6595058
120 1633844744.6615365
120 1633844744.661793
120 1633844744.6628366
120 1633844746.9283197
120 1633844746.9295762
120 1633844746.933277
120 1633844746.9353616
120 1633844746.9362943
120 1633844746.9378684
120 1633844746.952993
120 1633844746.9540913
120 1633844746.957161
120 1633844746.9591403
120 1633844746.9593246
120 1633844746.9601243
120 1633844751.9483123
120 1633844751.9496713
120 1633844751.951588
120 1633844751.9536717
120 1633844752.821191
120 1633844752.8223429
120 1633844752.8246374
120 1633844752.8265874
120 1633844753.1350243
120 1633844753.136007
120 1633844753.138336
120 1633844753.140254
120 1633844753.6723769
120 1633844753.6740842
120 1633844753.6761303
120 1633844753.6781845
120 1633844753.8076856
120 1633844753.8086839
120 1633844753.8107746
120 1633844753.8127623
120 1633844754.1731236
120 1633844754.1741898
120 1633844754.1763892
120 1633844754.1783764
120 1633844757.350658
120 1633844757.3522527
120 1633844757.354304
120 1633844757.3566346
120 1633844757.5240037
120 1633844757.525026
120 1633844757.527279
120 1633844757.529483
120 1633844757.563332
120 1633844757.5645108
120 1633844757.5665426
120 1633844757.5686488
120 1633844757.7795632
120 1633844757.7810268
120 1633844757.78285
120 1633844757.7850904
120 1633844758.6696353
120 1633844758.6707542
120 1633844758.673165
120 1633844758.6751673
120 1633844759.2096763
120 1633844759.2108254
120 1633844759.2130895
120 1633844759.2151375
120 1633844760.3846822
120 1633844760.38612
120 1633844760.3880742
120 1633844760.3903532
120 1633844761.0749803
120 1633844761.0761473
120 1633844761.0785406
120 1633844761.0805757
120 1633844764.7908282
120 1633844764.792224
120 1633844764.794438
120 1633844764.7964888
120 1633844764.8033216
120 1633844764.8042707
120 1633844764.8064244
120 1633844764.8084178
120 1633844768.2638073
120 1633844768.2650692
120 1633844768.2672932
120 1633844768.2691903
120 1633844769.3109207
120 1633844769.3119452
120 1633844769.3143876
120 1633844769.3164937
120 1633844771.0242722
120 1633844771.0256207
120 1633844771.0276785
120 1633844771.0297303
120 1633844771.217767
120 1633844771.2191825
120 1633844771.221151
120 1633844771.2234333
120 1633844771.5552604
120 1633844771.5566988
120 1633844771.5587194
120 1633844771.5610864
120 1633844772.493836
120 1633844772.4953952
120 1633844772.4973385
120 1633844772.499498
120 1633844773.1906924
120 1633844773.1920948
120 1633844773.1942873
120 1633844773.196602
120 1633844773.4446602
120 1633844773.4455876
120 1633844773.4479916
120 1633844773.449978
120 1633844774.629749
120 1633844774.6313355
120 1633844774.6333125
120 1633844774.63562
120 1633844776.5959964
120 1633844776.5974042
120 1633844776.5995157
120 1633844776.6019359
120 1633844776.6764712
120 1633844776.6775224
120 1633844776.6797004
120 1633844776.6816328
120 1633844777.057896
120 1633844777.0593777
120 1633844777.0613961
120 1633844777.1881318
120 1633844777.19254
120 1633844777.1935844
120 1633844777.1956084
120 1633844777.1978912
120 1633844777.5953627
120 1633844777.5965772
120 1633844777.599543
120 1633844777.601523
120 1633844777.8160787
120 1633844777.8175735
120 1633844777.8200004
120 1633844777.8222997
120 1633844778.0364516
120 1633844778.0375528
120 1633844778.0398145
120 1633844778.0418644
120 1633844780.449238
120 1633844780.450514
120 1633844780.4527297
120 1633844780.455009
120 1633844781.5114176
120 1633844781.5126321
120 1633844781.5147398
120 1633844781.5167906
120 1633844781.8436947
120 1633844781.844869
120 1633844781.8470566
120 1633844781.8489358
120 1633844782.7245865
120 1633844782.7257948
120 1633844782.7283065
120 1633844782.7304265
120 1633844782.8814132
120 1633844782.8826919
120 1633844782.8846338
120 1633844782.886971
120 1633844783.1793232
120 1633844783.1808262
120 1633844783.1827073
120 1633844783.1850617
120 1633844783.2030785
120 1633844783.2042172
120 1633844783.206146
120 1633844783.2095864
120 1633844786.1648715
120 1633844786.1660695
120 1633844786.168319
120 1633844786.170344
120 1633844786.2834065
120 1633844786.2847524
120 1633844786.2866693
120 1633844786.28882
120 1633844786.613343
120 1633844786.6146426
120 1633844786.6178646
120 1633844786.6202972
120 1633844786.9205487
120 1633844786.9217126
120 1633844786.9239736
120 1633844786.9259882
120 1633844787.5692923
120 1633844787.5707166
120 1633844787.5727298
120 1633844787.5748703
120 1633844790.02316
120 1633844790.0243156
120 1633844790.0274463
120 1633844790.0294933
120 1633844792.1559134
120 1633844792.1574185
120 1633844792.1620514
120 1633844792.1643517
120 1633844792.2061102
120 1633844792.2082562
120 1633844792.2121534
120 1633844792.2143161
120 1633844793.0553772
120 1633844793.0564067
120 1633844793.0586596
120 1633844793.0606089
120 1633844795.7634258
120 1633844795.7648196
120 1633844795.7666326
120 1633844795.7688255
120 1633844797.1520095
120 1633844797.1531298
120 1633844797.1551833
120 1633844797.1571586
120 1633844797.6137612
120 1633844797.6149666
120 1633844797.6174417
120 1633844797.6200151
120 1633844798.125134
120 1633844798.1261804
120 1633844798.1284966
120 1633844798.1305022
120 1633844803.4492986
120 1633844803.4508574
120 1633844803.4529126
120 1633844803.4550834
120 1633844803.9348335
120 1633844803.9360542
120 1633844803.9383476
120 1633844803.9404593
120 1633844804.2977982
120 1633844804.298836
120 1633844804.301186
120 1633844804.3031902
120 1633844805.9939907
120 1633844805.995446
120 1633844805.998355
120 1633844806.0006037
120 1633844806.3726518
120 1633844806.374031
120 1633844806.3761454
120 1633844806.379141
120 1633844808.0153475
120 1633844808.0170534
120 1633844808.0192401
120 1633844808.0217307
120 1633844808.202295
120 1633844808.2036135
120 1633844808.2054904
120 1633844808.2088246
120 1633844811.6713486
120 1633844811.6726863
120 1633844811.6751719
120 1633844811.6771066
120 1633844811.9923468
120 1633844811.9935763
120 1633844811.9956267
120 1633844811.9976816
120 1633844812.7327182
120 1633844812.7340949
120 1633844812.736169
120 1633844812.738453
120 1633844813.137391
120 1633844813.1388001
120 1633844813.1409798
120 1633844813.1431167
120 1633844813.5258956
120 1633844813.5269852
120 1633844813.5307403
120 1633844813.532774
120 1633844813.7529037
120 1633844813.754018
120 1633844813.7562408
120 1633844813.7581463
120 1633844813.9661927
120 1633844813.9677129
120 1633844813.9696746
120 1633844813.9725614
120 1633844814.499194
120 1633844814.5007753
120 1633844814.5030065
120 1633844814.5051997
120 1633844814.5180202
120 1633844814.5189142
120 1633844814.5211737
120 1633844814.5230918
120 1633844816.4886131
120 1633844816.490138
120 1633844816.4936502
120 1633844816.4959843
120 1633844816.8916855
120 1633844816.892902
120 1633844816.895259
120 1633844816.8974056
120 1633844817.447596
120 1633844817.449052
120 1633844817.4511678
120 1633844817.453601
120 1633844819.3648617
120 1633844819.366536
120 1633844819.3684683
120 1633844819.3706963
120 1633844819.6555314
120 1633844819.6566055
120 1633844819.6588578
120 1633844819.660855
120 1633844820.5524642
120 1633844820.553776
120 1633844820.5558155
120 1633844820.5577185
120 1633844821.6856256
120 1633844821.686838
120 1633844821.6889346
120 1633844821.6910045
120 1633844824.1515403
120 1633844824.1530614
120 1633844824.1550686
120 1633844824.157221
120 1633844826.2127142
120 1633844826.2139986
120 1633844826.2158983
120 1633844826.2179658
120 1633844827.267029
120 1633844827.2685752
120 1633844827.2707286
120 1633844827.2730503
120 1633844829.4186761
120 1633844829.4198174
120 1633844829.422204
120 1633844829.42421
120 1633844829.6315663
120 1633844829.6328256
120 1633844829.6347501
120 1633844829.63701
120 1633844831.8779418
120 1633844831.879358
120 1633844831.8833063
120 1633844831.885847
120 1633844831.9051101
120 1633844831.9062169
120 1633844831.9083917
120 1633844831.910321
120 1633844833.7817187
120 1633844833.7832034
120 1633844833.7852407
120 1633844833.7873762
120 1633844836.1889787
120 1633844836.190668
120 1633844836.1927586
120 1633844836.19484
120 1633844836.3673227
120 1633844836.3688648
120 1633844836.3709369
120 1633844836.3731334
120 1633844837.0555446
120 1633844837.0570505
120 1633844837.0598614
120 1633844837.062236
120 1633844837.3529346
120 1633844837.354514
120 1633844837.3564026
120 1633844837.3587828
120 1633844837.834835
120 1633844837.8359752
120 1633844837.838181
120 1633844837.840354
120 1633844837.9911716
120 1633844837.9925117
120 1633844837.9946513
120 1633844837.9968145
120 1633844838.8495643
120 1633844838.8506265
120 1633844838.8527083
120 1633844838.8549185
120 1633844839.41654
120 1633844839.4178128
120 1633844839.4199204
120 1633844839.4222023
120 1633844840.310827
120 1633844840.3123827
120 1633844840.314398
120 1633844840.316643
120 1633844841.0838187
120 1633844841.084964
120 1633844841.0873203
120 1633844841.0895653
120 1633844842.505359
120 1633844842.5064876
120 1633844842.5088818
120 1633844842.510775
120 1633844845.7870393
120 1633844845.7886572
120 1633844845.7905183
120 1633844845.7928503
120 1633844846.9141753
120 1633844846.9156835
120 1633844846.9177346
120 1633844846.9198678
120 1633844847.344782
120 1633844847.3458414
120 1633844847.348113
120 1633844847.3503137
120 1633844847.6923187
120 1633844847.6934683
120 1633844847.6955826
120 1633844847.6984353
120 1633844847.963462
120 1633844847.96601
120 1633844847.9682462
120 1633844847.970381
