120 1633844649.4827065
120 1633844649.4840872
120 1633844649.4851027
120 1633844649.4857438
120 1633844649.4861484
120 1633844649.4879105
120 1633844649.4980967
120 1633844649.5003738
120 1633844649.5013354
120 1633844649.5023623
120 1633844649.5026414
120 1633844649.5067728
120 1633844649.5077505
120 1633844649.5087254
120 1633844649.5090392
120 1633844649.5099266
120 1633844649.812873
120 1633844649.8138952
120 1633844649.8143077
120 1633844649.8152075
120 1633844649.8172174
120 1633844649.81872
120 1633844649.8203642
120 1633844649.8210688
120 1633844650.0291166
120 1633844650.029344
120 1633844650.030703
120 1633844650.030723
120 1633844650.0321803
120 1633844650.0335042
120 1633844650.034963
120 1633844650.035671
120 1633844650.0359616
120 1633844650.0374198
120 1633844650.0397086
120 1633844650.0402803
120 1633844650.0409272
120 1633844650.0419276
120 1633844650.0429084
120 1633844650.0450797
120 1633844650.0459762
120 1633844650.0468724
120 1633844650.0696514
120 1633844650.0706272
120 1633844650.0755994
120 1633844650.0777175
120 1633844650.0783696
120 1633844650.0786037
120 1633844650.517346
120 1633844650.5185328
120 1633844650.5216994
120 1633844650.5237873
120 1633844650.5245993
120 1633844650.5247962
120 1633844650.7825677
120 1633844650.783771
120 1633844650.786985
120 1633844650.789065
120 1633844650.7899764
120 1633844650.7901535
120 1633844650.9453297
120 1633844650.9465914
120 1633844650.9487
120 1633844650.9505997
120 1633844650.9515944
120 1633844650.9517174
120 1633844651.416932
120 1633844651.4180582
120 1633844651.4203458
120 1633844651.4225645
120 1633844651.4233916
120 1633844651.4235294
120 1633844652.000997
120 1633844652.002179
120 1633844652.0025208
120 1633844652.0033753
120 1633844652.005874
120 1633844652.0068831
120 1633844652.0082421
120 1633844652.0090067
120 1633844653.6697862
120 1633844653.6711075
120 1633844653.6746984
120 1633844653.6766999
120 1633844653.677558
120 1633844653.679141
120 1633844655.125039
120 1633844655.1263726
120 1633844655.128483
120 1633844655.13072
120 1633844655.1316295
120 1633844655.1317503
120 1633844655.603803
120 1633844655.6050186
120 1633844655.6052587
120 1633844655.6065738
120 1633844655.6087651
120 1633844655.609922
120 1633844655.610804
120 1633844655.6120565
120 1633844655.7554042
120 1633844655.7568204
120 1633844655.7592514
120 1633844655.7614503
120 1633844655.762274
120 1633844655.762538
120 1633844656.0071108
120 1633844656.0084615
120 1633844656.0086105
120 1633844656.0097356
120 1633844656.012154
120 1633844656.0132558
120 1633844656.0142822
120 1633844656.01541
120 1633844656.6533544
120 1633844656.6545975
120 1633844656.6549268
120 1633844656.6559212
120 1633844656.6579957
120 1633844656.658995
120 1633844656.6603315
120 1633844656.6612728
120 1633844657.0961893
120 1633844657.0973837
120 1633844657.097707
120 1633844657.098778
120 1633844657.10313
120 1633844657.1040797
120 1633844657.105361
120 1633844657.1059375
120 1633844658.4632058
120 1633844658.464602
120 1633844658.4679053
120 1633844658.4700496
120 1633844658.4709668
120 1633844658.4710689
120 1633844661.0310183
120 1633844661.03225
120 1633844661.035848
120 1633844661.0383213
120 1633844661.0390542
120 1633844661.0392888
120 1633844661.4538722
120 1633844661.4549024
120 1633844661.4553285
120 1633844661.4562697
120 1633844661.4583073
120 1633844661.4592786
120 1633844661.4614937
120 1633844661.461623
120 1633844662.2343683
120 1633844662.2357702
120 1633844662.241013
120 1633844662.2422497
120 1633844662.243133
120 1633844662.2447343
120 1633844662.883148
120 1633844662.8843734
120 1633844662.8876264
120 1633844662.8895314
120 1633844662.8903925
120 1633844662.8906822
120 1633844664.7414682
120 1633844664.7426636
120 1633844664.7458289
120 1633844664.747896
120 1633844664.7486672
120 1633844664.7488444
120 1633844664.8051372
120 1633844664.8060844
120 1633844664.8094134
120 1633844664.8115017
120 1633844664.8124812
120 1633844664.8125002
120 1633844664.889259
120 1633844664.890151
120 1633844664.8904326
120 1633844664.8910937
120 1633844664.8933387
120 1633844664.894397
120 1633844664.895385
120 1633844664.897262
120 1633844665.255481
120 1633844665.256531
120 1633844665.2589736
120 1633844665.260981
120 1633844665.261714
120 1633844665.2619524
120 1633844665.6419754
120 1633844665.6429555
120 1633844665.6482654
120 1633844665.650007
120 1633844665.6510122
120 1633844665.651231
120 1633844666.7592907
120 1633844666.760333
120 1633844666.7638018
120 1633844666.7658527
120 1633844666.7668064
120 1633844666.7669654
120 1633844666.9017816
120 1633844666.902837
120 1633844666.9063203
120 1633844666.908386
120 1633844666.9093003
120 1633844666.9106517
120 1633844667.0217738
120 1633844667.0230398
120 1633844667.0263307
120 1633844667.0282643
120 1633844667.0292466
120 1633844667.0295506
120 1633844667.4792826
120 1633844667.4803083
120 1633844667.4808345
120 1633844667.4819546
120 1633844667.484004
120 1633844667.4849436
120 1633844667.4861894
120 1633844667.487185
120 1633844668.2156727
120 1633844668.2169015
120 1633844668.2207577
120 1633844668.2227778
120 1633844668.2236345
120 1633844668.2238119
120 1633844668.3295228
120 1633844668.330422
120 1633844668.3307142
120 1633844668.3315535
120 1633844668.3336413
120 1633844668.3345995
120 1633844668.3361075
120 1633844668.3365169
120 1633844668.5857296
120 1633844668.586727
120 1633844668.5922422
120 1633844668.5942633
120 1633844668.595136
120 1633844668.5952046
120 1633844668.8507524
120 1633844668.851723
120 1633844668.8542988
120 1633844668.8560476
120 1633844668.8572683
120 1633844668.8573976
120 1633844668.88118
120 1633844668.8819175
120 1633844668.8821337
120 1633844668.8829231
120 1633844668.88514
120 1633844668.88606
120 1633844668.8871446
120 1633844668.8881438
120 1633844668.973725
120 1633844668.9747224
120 1633844668.9783762
120 1633844668.9802117
120 1633844668.9811323
120 1633844668.9813442
120 1633844669.7795594
120 1633844669.7806847
120 1633844669.7842052
120 1633844669.7862997
120 1633844669.7871118
120 1633844669.7872581
120 1633844670.277839
120 1633844670.278915
120 1633844670.2791426
120 1633844670.2802362
120 1633844670.282423
120 1633844670.2835903
120 1633844670.284564
120 1633844670.2856135
120 1633844671.0314426
120 1633844671.0327225
120 1633844671.036331
120 1633844671.0383618
120 1633844671.0392969
120 1633844671.0393894
120 1633844671.2437968
120 1633844671.2448168
120 1633844671.2485933
120 1633844671.2506273
120 1633844671.2515192
120 1633844671.2516954
120 1633844671.9885533
120 1633844671.9895976
120 1633844671.9899356
120 1633844671.9910002
120 1633844671.9950385
120 1633844671.9959764
120 1633844671.9982955
120 1633844671.998448
120 1633844672.2617288
120 1633844672.2629898
120 1633844672.2632394
120 1633844672.264439
120 1633844672.2735837
120 1633844672.2785351
120 1633844672.2812254
120 1633844672.2821379
120 1633844672.9429045
120 1633844672.9442601
120 1633844672.9487276
120 1633844672.94983
120 1633844672.950531
120 1633844672.9521916
120 1633844673.734181
120 1633844673.7353694
120 1633844673.7354517
120 1633844673.7368615
120 1633844673.7389095
120 1633844673.7397766
120 1633844673.740923
120 1633844673.7420123
120 1633844674.8083875
120 1633844674.8096087
120 1633844674.8131518
120 1633844674.815253
120 1633844674.8162706
120 1633844674.8163774
120 1633844675.0142107
120 1633844675.0152955
120 1633844675.0157003
120 1633844675.0167248
120 1633844675.0187871
120 1633844675.0196462
120 1633844675.0208876
120 1633844675.0219438
120 1633844675.7743554
120 1633844675.7754905
120 1633844675.777809
120 1633844675.7797902
120 1633844675.7807076
120 1633844675.7811222
120 1633844677.0127444
120 1633844677.0138323
120 1633844677.0176558
120 1633844677.0197148
120 1633844677.0205543
120 1633844677.0227795
120 1633844677.2773674
120 1633844677.2785857
120 1633844677.2829015
120 1633844677.2848911
120 1633844677.2857978
120 1633844677.2864423
120 1633844677.422716
120 1633844677.4236355
120 1633844677.4279163
120 1633844677.429178
120 1633844677.4298189
120 1633844677.4316497
120 1633844678.174681
120 1633844678.1758344
120 1633844678.178411
120 1633844678.1802695
120 1633844678.181214
120 1633844678.1814613
120 1633844678.242144
120 1633844678.2430825
120 1633844678.245666
120 1633844678.2476482
120 1633844678.248612
120 1633844678.2489572
120 1633844679.0759487
120 1633844679.0771632
120 1633844679.0813673
120 1633844679.082831
120 1633844679.0835238
120 1633844679.0850775
120 1633844680.1210706
120 1633844680.1222959
120 1633844680.1259928
120 1633844680.128058
120 1633844680.1290448
120 1633844680.1291544
120 1633844681.023936
120 1633844681.0251675
120 1633844681.0283594
120 1633844681.0303419
120 1633844681.0312471
120 1633844681.0315971
120 1633844682.9337974
120 1633844682.9349473
120 1633844682.9385195
120 1633844682.9406748
120 1633844682.941557
120 1633844682.9416714
120 1633844683.6392045
120 1633844683.6406155
120 1633844683.6440763
120 1633844683.6465764
120 1633844683.6469982
120 1633844683.6475813
120 1633844683.684284
120 1633844683.6851056
120 1633844683.6856446
120 1633844683.6862435
120 1633844683.6881328
120 1633844683.6890345
120 1633844683.6901045
120 1633844683.691238
120 1633844684.1582563
120 1633844684.1594005
120 1633844684.1597595
120 1633844684.1607401
120 1633844684.1630938
120 1633844684.1641886
120 1633844684.1652787
120 1633844684.1662676
120 1633844684.7886882
120 1633844684.7899837
120 1633844684.7934961
120 1633844684.7952642
120 1633844684.796268
120 1633844684.7963772
120 1633844685.7188017
120 1633844685.7198021
120 1633844685.7202091
120 1633844685.721317
120 1633844685.7234018
120 1633844685.7242804
120 1633844685.7255642
120 1633844685.7272794
120 1633844686.2071812
120 1633844686.2082794
120 1633844686.2095351
120 1633844686.2098355
120 1633844686.21192
120 1633844686.212876
120 1633844686.214025
120 1633844686.215014
120 1633844688.3605587
120 1633844688.3618104
120 1633844688.3648825
120 1633844688.3675098
120 1633844688.3684807
120 1633844688.3686697
120 1633844688.6548588
120 1633844688.6559353
120 1633844688.659436
120 1633844688.6615412
120 1633844688.662437
120 1633844688.6624753
120 1633844688.7038016
120 1633844688.7047982
120 1633844688.7091122
120 1633844688.7100668
120 1633844688.7111905
120 1633844688.7127092
120 1633844689.5974371
120 1633844689.598607
120 1633844689.6022198
120 1633844689.6041653
120 1633844689.6051493
120 1633844689.6051793
120 1633844689.8424165
120 1633844689.8435123
120 1633844689.8469892
120 1633844689.8491032
120 1633844689.850059
120 1633844689.8501787
120 1633844689.8601665
120 1633844689.8612015
120 1633844689.8646238
120 1633844689.8667908
120 1633844689.8675745
120 1633844689.8677056
120 1633844689.939425
120 1633844689.9403632
120 1633844689.942751
120 1633844689.944569
120 1633844689.9455185
120 1633844689.9456074
120 1633844690.6375313
120 1633844690.6386116
120 1633844690.6440635
120 1633844690.6462047
120 1633844690.6470137
120 1633844690.6471705
120 1633844691.3432815
120 1633844691.3443847
120 1633844691.344672
120 1633844691.3456538
120 1633844691.3478985
120 1633844691.3488338
120 1633844691.3499358
120 1633844691.3517349
120 1633844691.5283186
120 1633844691.5292504
120 1633844691.5348058
120 1633844691.5368621
120 1633844691.5376801
120 1633844691.5378795
120 1633844691.8134506
120 1633844691.8144536
120 1633844691.8168688
120 1633844691.8189147
120 1633844691.8199782
120 1633844691.8208218
120 1633844693.7266116
120 1633844693.727624
120 1633844693.733273
120 1633844693.7352862
120 1633844693.736333
120 1633844693.73646
120 1633844693.9464614
120 1633844693.9475143
120 1633844693.9507554
120 1633844693.9527957
120 1633844693.9537663
120 1633844693.9538765
120 1633844694.1584284
120 1633844694.1596565
120 1633844694.159829
120 1633844694.1610737
120 1633844694.1631367
120 1633844694.1640725
120 1633844694.1653795
120 1633844694.166042
120 1633844695.0808425
120 1633844695.082119
120 1633844695.085271
120 1633844695.0875018
120 1633844695.0883217
120 1633844695.0884273
120 1633844695.356205
120 1633844695.3574185
120 1633844695.36057
120 1633844695.3626359
120 1633844695.3636343
120 1633844695.3637447
120 1633844696.6447086
120 1633844696.6457982
120 1633844696.646212
120 1633844696.647432
120 1633844696.649356
120 1633844696.6502829
120 1633844696.651143
120 1633844696.6515055
120 1633844696.6525671
120 1633844696.6534889
120 1633844696.6571364
120 1633844696.6590662
120 1633844696.6598814
120 1633844696.6603117
120 1633844696.9071083
120 1633844696.9080863
120 1633844696.9085279
120 1633844696.909453
120 1633844696.911498
120 1633844696.9123929
120 1633844696.9135733
120 1633844696.9145896
120 1633844697.0228217
120 1633844697.0237865
120 1633844697.0239875
120 1633844697.02492
120 1633844697.027057
120 1633844697.0279655
120 1633844697.0291746
120 1633844697.0302234
120 1633844698.0772767
120 1633844698.0783074
120 1633844698.0816061
120 1633844698.08444
120 1633844698.085218
120 1633844698.085327
120 1633844700.3267658
120 1633844700.3280654
120 1633844700.3303137
120 1633844700.332597
120 1633844700.3334706
120 1633844700.3336258
120 1633844700.7526624
120 1633844700.7536275
120 1633844700.7575698
120 1633844700.7596114
120 1633844700.7605133
120 1633844700.7607636
120 1633844700.9979002
120 1633844700.9990718
120 1633844701.0029778
120 1633844701.0050254
120 1633844701.0059638
120 1633844701.0061755
120 1633844702.351121
120 1633844702.3523843
120 1633844702.3559446
120 1633844702.3578901
120 1633844702.3588035
120 1633844702.358869
120 1633844702.5971408
120 1633844702.5982535
120 1633844702.6004605
120 1633844702.6025746
120 1633844702.6035247
120 1633844702.6040635
120 1633844702.9132662
120 1633844702.914458
120 1633844702.9179914
120 1633844702.9201322
120 1633844702.9211051
120 1633844702.9212377
120 1633844704.190389
120 1633844704.191673
120 1633844704.1949272
120 1633844704.197046
120 1633844704.197998
120 1633844704.1981106
120 1633844705.2689009
120 1633844705.2701256
120 1633844705.2743156
120 1633844705.2763443
120 1633844705.2772849
120 1633844705.2775948
120 1633844705.4915116
120 1633844705.4926124
120 1633844705.4959562
120 1633844705.4980614
120 1633844705.4990592
120 1633844705.4992335
120 1633844705.6840112
120 1633844705.6851308
120 1633844705.6875305
120 1633844705.6896865
120 1633844705.6906114
120 1633844705.6906629
120 1633844705.8538444
120 1633844705.8548925
120 1633844705.855175
120 1633844705.8562655
120 1633844705.8583958
120 1633844705.8594174
120 1633844705.8606453
120 1633844705.8615565
120 1633844706.0332994
120 1633844706.0342646
120 1633844706.0376644
120 1633844706.0395138
120 1633844706.040528
120 1633844706.0405834
120 1633844707.2620852
120 1633844707.26329
120 1633844707.2668009
120 1633844707.2687683
120 1633844707.269719
120 1633844707.2698271
120 1633844707.7343252
120 1633844707.7354429
120 1633844707.7357748
120 1633844707.7368333
120 1633844707.738847
120 1633844707.7397566
120 1633844707.7410717
120 1633844707.7417548
120 1633844708.7475293
120 1633844708.7490098
120 1633844708.7521255
120 1633844708.753082
120 1633844708.7540803
120 1633844708.7555952
120 1633844709.4356802
120 1633844709.4368858
120 1633844709.4370105
120 1633844709.4382918
120 1633844709.4402905
120 1633844709.441183
120 1633844709.4425547
120 1633844709.443371
120 1633844709.51888
120 1633844709.519796
120 1633844709.5233219
120 1633844709.525297
120 1633844709.5262094
120 1633844709.526438
120 1633844709.7979984
120 1633844709.7989717
120 1633844709.7993302
120 1633844709.8002026
120 1633844709.802308
120 1633844709.8032446
120 1633844709.8046243
120 1633844709.8055615
120 1633844710.6869047
120 1633844710.6881864
120 1633844710.6926796
120 1633844710.6938503
120 1633844710.6946478
120 1633844710.6962533
120 1633844710.8229604
120 1633844710.8241491
120 1633844710.8269079
120 1633844710.8288124
120 1633844710.8297582
120 1633844710.8313746
120 1633844711.0239143
120 1633844711.024987
120 1633844711.029727
120 1633844711.0306091
120 1633844711.0316253
120 1633844711.0332336
120 1633844711.2533994
120 1633844711.2543511
120 1633844711.254804
120 1633844711.2556078
120 1633844711.2580187
120 1633844711.260989
120 1633844711.261179
120 1633844711.2624238
120 1633844711.3961246
120 1633844711.39707
120 1633844711.4004552
120 1633844711.4027662
120 1633844711.403722
120 1633844711.4037428
120 1633844712.3555005
120 1633844712.3567147
120 1633844712.3588605
120 1633844712.3611817
120 1633844712.3621624
120 1633844712.363513
120 1633844712.4094198
120 1633844712.4104102
120 1633844712.4147904
120 1633844712.415998
120 1633844712.4167464
120 1633844712.4183233
120 1633844712.984919
120 1633844712.9860132
120 1633844712.986409
120 1633844712.9873416
120 1633844712.9897506
120 1633844712.9907389
120 1633844712.9920452
120 1633844712.9928725
120 1633844713.5908997
120 1633844713.5921073
120 1633844713.596603
120 1633844713.5978117
120 1633844713.5986762
120 1633844713.600159
120 1633844714.7241364
120 1633844714.725325
120 1633844714.728759
120 1633844714.730915
120 1633844714.7318416
120 1633844714.7319524
120 1633844715.187172
120 1633844715.1881483
120 1633844715.191759
120 1633844715.1936264
120 1633844715.1945267
120 1633844715.1965938
120 1633844716.2209225
120 1633844716.2220652
120 1633844716.2243161
120 1633844716.2263162
120 1633844716.227188
120 1633844716.2272952
120 1633844716.398902
120 1633844716.3999283
120 1633844716.4033399
120 1633844716.4052951
120 1633844716.4062526
120 1633844716.406828
120 1633844716.7008061
120 1633844716.7018683
120 1633844716.7053776
120 1633844716.7075605
120 1633844716.7085197
120 1633844716.7085502
120 1633844717.1000018
120 1633844717.1011121
120 1633844717.1043985
120 1633844717.1064212
120 1633844717.1075602
120 1633844717.1076748
120 1633844718.0289757
120 1633844718.030092
120 1633844718.0304663
120 1633844718.0312905
120 1633844718.0333445
120 1633844718.034152
120 1633844718.0357127
120 1633844718.0363424
120 1633844721.0545037
120 1633844721.0557334
120 1633844721.0594363
120 1633844721.0616148
120 1633844721.0625193
120 1633844721.0626535
120 1633844721.5172288
120 1633844721.5183406
120 1633844721.5217278
120 1633844721.5239706
120 1633844721.5247126
120 1633844721.5249233
120 1633844721.621527
120 1633844721.6226158
120 1633844721.6259425
120 1633844721.6278827
120 1633844721.6289816
120 1633844721.6302836
120 1633844723.866496
120 1633844723.8676085
120 1633844723.8680117
120 1633844723.8690195
120 1633844723.87178
120 1633844723.8726633
120 1633844723.8748267
120 1633844723.8749352
120 1633844724.3348935
120 1633844724.3359468
120 1633844724.3395197
120 1633844724.3416915
120 1633844724.3424594
120 1633844724.3425865
120 1633844724.3855047
120 1633844724.3864028
120 1633844724.3865938
120 1633844724.387569
120 1633844724.3900063
120 1633844724.3909621
120 1633844724.3924236
120 1633844724.3930068
120 1633844724.569573
120 1633844724.5706327
120 1633844724.574315
120 1633844724.5762668
120 1633844724.5771792
120 1633844724.5772398
120 1633844724.836015
120 1633844724.8372383
120 1633844724.8404105
120 1633844724.8426075
120 1633844724.8433063
120 1633844724.843521
120 1633844725.4258745
120 1633844725.4270935
120 1633844725.4304564
120 1633844725.4324317
120 1633844725.4333522
120 1633844725.4354544
120 1633844725.5642529
120 1633844725.5652797
120 1633844725.5691094
120 1633844725.5712824
120 1633844725.5721805
120 1633844725.5723536
120 1633844726.4537964
120 1633844726.454858
120 1633844726.4587085
120 1633844726.4607377
120 1633844726.4617558
120 1633844726.4618685
120 1633844729.0943596
120 1633844729.0958083
120 1633844729.0990167
120 1633844729.101099
120 1633844729.102064
120 1633844729.1033683
120 1633844729.1605303
120 1633844729.1615877
120 1633844729.1649666
120 1633844729.167008
120 1633844729.1680424
120 1633844729.1680627
120 1633844730.0785263
120 1633844730.079838
120 1633844730.0799344
120 1633844730.0812912
120 1633844730.0834265
120 1633844730.084359
120 1633844730.0856411
120 1633844730.086367
120 1633844731.7427194
120 1633844731.7439737
120 1633844731.7461205
120 1633844731.7482066
120 1633844731.7493892
120 1633844731.7511222
120 1633844732.2093718
120 1633844732.21057
120 1633844732.2108192
120 1633844732.2118282
120 1633844732.2139719
120 1633844732.2149713
120 1633844732.2178438
120 1633844732.2186506
120 1633844733.0522704
120 1633844733.0535617
120 1633844733.0571198
120 1633844733.059276
120 1633844733.0602312
120 1633844733.060364
120 1633844736.0101485
120 1633844736.011391
120 1633844736.0138302
120 1633844736.0158558
120 1633844736.0167027
120 1633844736.0167356
120 1633844736.8005881
120 1633844736.8016312
120 1633844736.8020198
120 1633844736.802942
120 1633844736.8051584
120 1633844736.8061225
120 1633844736.808251
120 1633844736.8084412
120 1633844738.355684
120 1633844738.3569605
120 1633844738.3602579
120 1633844738.3624594
120 1633844738.3633957
120 1633844738.3644953
120 1633844738.419162
120 1633844738.4202294
120 1633844738.4237099
120 1633844738.4256825
120 1633844738.426698
120 1633844738.4268806
120 1633844738.5700479
120 1633844738.5712667
120 1633844738.5713475
120 1633844738.5725458
120 1633844738.574826
120 1633844738.5759501
120 1633844738.5763192
120 1633844738.5774555
120 1633844738.5784712
120 1633844738.5800889
120 1633844738.5835204
120 1633844738.585609
120 1633844738.586669
120 1633844738.5886807
120 1633844738.9508097
120 1633844738.9519634
120 1633844738.9523444
120 1633844738.9532764
120 1633844738.9556644
120 1633844738.9566343
120 1633844738.9576905
120 1633844738.9586635
120 1633844740.3200774
120 1633844740.3211763
120 1633844740.3215053
120 1633844740.3225727
120 1633844740.3250012
120 1633844740.3261151
120 1633844740.3271356
120 1633844740.3282819
120 1633844740.3415816
120 1633844740.3426101
120 1633844740.3472872
120 1633844740.349233
120 1633844740.350196
120 1633844740.350317
120 1633844742.0878468
120 1633844742.0888572
120 1633844742.092361
120 1633844742.0942342
120 1633844742.0952282
120 1633844742.0953496
120 1633844742.1474133
120 1633844742.148395
120 1633844742.1516662
120 1633844742.1538258
120 1633844742.154536
120 1633844742.1546688
120 1633844742.8331826
120 1633844742.834486
120 1633844742.8348284
120 1633844742.8360908
120 1633844742.8382766
120 1633844742.8391984
120 1633844742.8408692
120 1633844742.8414874
120 1633844743.494427
120 1633844743.4956045
120 1633844743.499053
120 1633844743.5011146
120 1633844743.502056
120 1633844743.5022812
120 1633844743.7011957
120 1633844743.7025304
120 1633844743.70581
120 1633844743.7079275
120 1633844743.7088318
120 1633844743.7089336
120 1633844744.6359248
120 1633844744.6371305
120 1633844744.6405687
120 1633844744.6428378
120 1633844744.643829
120 1633844744.6454494
120 1633844744.6546335
120 1633844744.6556165
120 1633844744.6559434
120 1633844744.6566305
120 1633844744.658613
120 1633844744.659534
120 1633844744.660773
120 1633844744.6616774
120 1633844746.9271479
120 1633844746.9282677
120 1633844746.928725
120 1633844746.9298055
120 1633844746.9333043
120 1633844746.9342828
120 1633844746.9362648
120 1633844746.9364517
120 1633844746.9521205
120 1633844746.9529297
120 1633844746.9562805
120 1633844746.9585216
120 1633844746.9593165
120 1633844746.9593694
