120 1633844495.1170907
120 1633844495.1182933
120 1633844495.119883
120 1633844495.1202087
120 1633844495.1214395
120 1633844495.1214614
120 1633844495.1418047
120 1633844495.1438088
120 1633844495.1446738
120 1633844495.1459563
120 1633844495.1464033
120 1633844495.14867
120 1633844495.1496623
120 1633844495.151735
120 1633844495.1530619
120 1633844495.1597605
120 1633844495.4431446
120 1633844495.4443529
120 1633844495.4455895
120 1633844495.4465668
120 1633844495.4499402
120 1633844495.450694
120 1633844495.45162
120 1633844495.4544237
120 1633844495.457072
120 1633844495.4579442
120 1633844495.4596336
120 1633844495.4610903
120 1633844495.7462177
120 1633844495.7474487
120 1633844495.7474873
120 1633844495.7488906
120 1633844495.751146
120 1633844495.7519917
120 1633844495.7533145
120 1633844495.7542593
120 1633844495.8886316
120 1633844495.8897092
120 1633844495.89282
120 1633844495.8949187
120 1633844495.8957906
120 1633844495.895929
120 1633844496.8326702
120 1633844496.8337607
120 1633844496.837167
120 1633844496.8392522
120 1633844496.839996
120 1633844496.8404272
120 1633844497.170284
120 1633844497.1713822
120 1633844497.1716855
120 1633844497.172811
120 1633844497.1766486
120 1633844497.1775744
120 1633844497.1788845
120 1633844497.179764
120 1633844497.5026739
120 1633844497.5037107
120 1633844497.5072277
120 1633844497.5092678
120 1633844497.5101292
120 1633844497.5101473
120 1633844497.654161
120 1633844497.6551273
120 1633844497.655415
120 1633844497.656152
120 1633844497.658439
120 1633844497.659403
120 1633844497.6607115
120 1633844497.6612957
120 1633844497.79421
120 1633844497.7950535
120 1633844497.7955873
120 1633844497.7962542
120 1633844497.7978354
120 1633844497.798781
120 1633844497.8001072
120 1633844497.8011153
120 1633844498.6834526
120 1633844498.6844926
120 1633844498.6850111
120 1633844498.6858923
120 1633844498.6879344
120 1633844498.688885
120 1633844498.69187
120 1633844498.6932516
120 1633844499.044047
120 1633844499.0451272
120 1633844499.0454483
120 1633844499.0464845
120 1633844499.0486643
120 1633844499.0496283
120 1633844499.051602
120 1633844499.0518727
120 1633844499.6621487
120 1633844499.6631832
120 1633844499.6668148
120 1633844499.6689758
120 1633844499.669791
120 1633844499.6698546
120 1633844499.862457
120 1633844499.8636024
120 1633844499.8672788
120 1633844499.8693795
120 1633844499.8702374
120 1633844499.870392
120 1633844499.8962083
120 1633844499.897014
120 1633844499.9000137
120 1633844499.9018314
120 1633844499.9026494
120 1633844499.9029796
120 1633844500.7487898
120 1633844500.7499957
120 1633844500.7533357
120 1633844500.7551947
120 1633844500.7561495
120 1633844500.7563756
120 1633844501.4313974
120 1633844501.432795
120 1633844501.4365573
120 1633844501.4388974
120 1633844501.4397738
120 1633844501.441475
120 1633844501.5609818
120 1633844501.5620928
120 1633844501.5621803
120 1633844501.5633147
120 1633844501.5656552
120 1633844501.5668755
120 1633844501.5691783
120 1633844501.591696
120 1633844501.6146457
120 1633844501.615785
120 1633844501.62014
120 1633844501.6220145
120 1633844501.6230042
120 1633844501.6232708
120 1633844502.699127
120 1633844502.700529
120 1633844502.7027922
120 1633844502.7049305
120 1633844502.7055888
120 1633844502.705776
120 1633844503.6841009
120 1633844503.6852367
120 1633844503.687331
120 1633844503.6894693
120 1633844503.6904361
120 1633844503.6917994
120 1633844504.4631104
120 1633844504.4645953
120 1633844504.4676588
120 1633844504.470111
120 1633844504.4709508
120 1633844504.4710977
120 1633844504.5662096
120 1633844504.5673752
120 1633844504.5708153
120 1633844504.5726852
120 1633844504.5736697
120 1633844504.5738053
120 1633844505.343558
120 1633844505.3448458
120 1633844505.3485465
120 1633844505.350639
120 1633844505.351886
120 1633844505.352618
120 1633844505.5107408
120 1633844505.5117881
120 1633844505.5148187
120 1633844505.5170424
120 1633844505.5178552
120 1633844505.5179455
120 1633844505.7711692
120 1633844505.7722661
120 1633844505.7725015
120 1633844505.7736547
120 1633844505.7758677
120 1633844505.776789
120 1633844505.7778666
120 1633844505.7791932
120 1633844506.7983215
120 1633844506.7995734
120 1633844506.8029861
120 1633844506.8051426
120 1633844506.8060136
120 1633844506.8061788
120 1633844507.196199
120 1633844507.1975038
120 1633844507.1975906
120 1633844507.1988158
120 1633844507.2032924
120 1633844507.2044678
120 1633844507.2062292
120 1633844507.206517
120 1633844508.3090198
120 1633844508.3101873
120 1633844508.3125255
120 1633844508.314487
120 1633844508.3155444
120 1633844508.316398
120 1633844508.606053
120 1633844508.6071362
120 1633844508.6106682
120 1633844508.6128442
120 1633844508.6137702
120 1633844508.6138365
120 1633844508.9721217
120 1633844508.9731688
120 1633844508.9735422
120 1633844508.9745734
120 1633844508.9768488
120 1633844508.9778285
120 1633844508.9791057
120 1633844508.9798794
120 1633844509.1075797
120 1633844509.1086009
120 1633844509.111705
120 1633844509.113609
120 1633844509.1143696
120 1633844509.11448
120 1633844510.09182
120 1633844510.0931768
120 1633844510.0963266
120 1633844510.0982342
120 1633844510.1010442
120 1633844510.1011777
120 1633844511.4239633
120 1633844511.4251294
120 1633844511.429127
120 1633844511.4311285
120 1633844511.4320755
120 1633844511.4321837
120 1633844511.4778972
120 1633844511.478991
120 1633844511.4818301
120 1633844511.4838707
120 1633844511.48483
120 1633844511.48487
120 1633844511.6784108
120 1633844511.6796646
120 1633844511.684886
120 1633844511.6870594
120 1633844511.6876929
120 1633844511.6880252
120 1633844511.8120782
120 1633844511.8131542
120 1633844511.8164032
120 1633844511.818893
120 1633844511.8195956
120 1633844511.8199136
120 1633844512.2006185
120 1633844512.2019136
120 1633844512.201963
120 1633844512.2034714
120 1633844512.205848
120 1633844512.2068713
120 1633844512.2091029
120 1633844512.2092447
120 1633844512.6002786
120 1633844512.6015756
120 1633844512.6048877
120 1633844512.606906
120 1633844512.6078706
120 1633844512.607999
120 1633844513.5509012
120 1633844513.5520415
120 1633844513.5524058
120 1633844513.5538101
120 1633844513.5562522
120 1633844513.5571694
120 1633844513.5582042
120 1633844513.559377
120 1633844513.7099922
120 1633844513.7109585
120 1633844513.7146742
120 1633844513.7167344
120 1633844513.717469
120 1633844513.7176447
120 1633844513.7834947
120 1633844513.7844238
120 1633844513.784694
120 1633844513.7855673
120 1633844513.7878196
120 1633844513.7887917
120 1633844513.790012
120 1633844513.7910395
120 1633844514.2160456
120 1633844514.2171097
120 1633844514.2174284
120 1633844514.2186573
120 1633844514.2207131
120 1633844514.2215266
120 1633844514.2227993
120 1633844514.2236176
120 1633844514.7830226
120 1633844514.7841659
120 1633844514.7877538
120 1633844514.7898295
120 1633844514.7905867
120 1633844514.7908602
120 1633844516.6996703
120 1633844516.7009435
120 1633844516.7040837
120 1633844516.7060027
120 1633844516.70699
120 1633844516.7085268
120 1633844517.3677993
120 1633844517.3690186
120 1633844517.3721921
120 1633844517.374334
120 1633844517.3753746
120 1633844517.3756247
120 1633844518.1648936
120 1633844518.1661646
120 1633844518.1694274
120 1633844518.1714442
120 1633844518.17246
120 1633844518.1734123
120 1633844518.5427287
120 1633844518.5438178
120 1633844518.5438626
120 1633844518.5453005
120 1633844518.5472157
120 1633844518.5481238
120 1633844518.5492465
120 1633844518.5502746
120 1633844519.7840893
120 1633844519.7852993
120 1633844519.7854354
120 1633844519.7871237
120 1633844519.7891603
120 1633844519.7901468
120 1633844519.7920887
120 1633844519.7922947
120 1633844520.3010902
120 1633844520.3023589
120 1633844520.3057878
120 1633844520.3076243
120 1633844520.3085606
120 1633844520.30873
120 1633844520.5215223
120 1633844520.5228574
120 1633844520.5255542
120 1633844520.5274863
120 1633844520.5284848
120 1633844520.5285988
120 1633844520.557612
120 1633844520.5586736
120 1633844520.5619824
120 1633844520.5641513
120 1633844520.5648217
120 1633844520.5649743
120 1633844521.4896576
120 1633844521.4908102
120 1633844521.4908738
120 1633844521.4924207
120 1633844521.494494
120 1633844521.4955006
120 1633844521.4966307
120 1633844521.497645
120 1633844521.7838502
120 1633844521.7848954
120 1633844521.785229
120 1633844521.7864518
120 1633844521.7906628
120 1633844521.7915053
120 1633844521.7928014
120 1633844521.7937756
120 1633844522.0523958
120 1633844522.0535266
120 1633844522.0566986
120 1633844522.0586987
120 1633844522.059599
120 1633844522.0605505
120 1633844522.9248245
120 1633844522.9260657
120 1633844522.9261818
120 1633844522.9278166
120 1633844522.929878
120 1633844522.9321558
120 1633844522.9323945
120 1633844522.9381793
120 1633844523.5203044
120 1633844523.5214713
120 1633844523.5250235
120 1633844523.5269914
120 1633844523.5280192
120 1633844523.5296786
120 1633844524.9639397
120 1633844524.9651766
120 1633844524.9746652
120 1633844524.9770794
120 1633844524.9780707
120 1633844524.9787867
120 1633844526.210712
120 1633844526.2118552
120 1633844526.212784
120 1633844526.2138155
120 1633844526.2148633
120 1633844526.216676
120 1633844526.2167268
120 1633844526.2178144
120 1633844526.218779
120 1633844526.220695
120 1633844526.2210448
120 1633844526.2220776
120 1633844526.5086498
120 1633844526.5098822
120 1633844526.5132656
120 1633844526.5161667
120 1633844526.5167143
120 1633844526.517131
120 1633844527.087483
120 1633844527.088736
120 1633844527.0888221
120 1633844527.0901077
120 1633844527.092377
120 1633844527.0932865
120 1633844527.0943012
120 1633844527.0955539
120 1633844528.878325
120 1633844528.8795607
120 1633844528.882721
120 1633844528.884775
120 1633844528.8856192
120 1633844528.8858578
120 1633844530.0774438
120 1633844530.0776603
120 1633844530.0791404
120 1633844530.0791771
120 1633844530.0824625
120 1633844530.0834048
120 1633844530.083822
120 1633844530.0843148
120 1633844530.087702
120 1633844530.087938
120 1633844530.0890574
120 1633844530.0899923
120 1633844531.3327427
120 1633844531.3337893
120 1633844531.3372936
120 1633844531.3394392
120 1633844531.3401923
120 1633844531.3404138
120 1633844532.3261678
120 1633844532.3272316
120 1633844532.3275466
120 1633844532.3287096
120 1633844532.3305354
120 1633844532.3315701
120 1633844532.3328986
120 1633844532.335237
120 1633844532.3511493
120 1633844532.352058
120 1633844532.354599
120 1633844532.3566263
120 1633844532.3574383
120 1633844532.357552
120 1633844532.6496966
120 1633844532.650841
120 1633844532.6542885
120 1633844532.6562822
120 1633844532.657144
120 1633844532.6574457
120 1633844532.821935
120 1633844532.823058
120 1633844532.8233557
120 1633844532.8243032
120 1633844532.826462
120 1633844532.827435
120 1633844532.828789
120 1633844532.8297257
120 1633844533.0902722
120 1633844533.091354
120 1633844533.0943923
120 1633844533.096364
120 1633844533.0974507
120 1633844533.0975678
120 1633844533.4460437
120 1633844533.4471602
120 1633844533.450561
120 1633844533.452797
120 1633844533.453702
120 1633844533.4538121
120 1633844533.850085
120 1633844533.8513856
120 1633844533.8547332
120 1633844533.85692
120 1633844533.8575997
120 1633844533.8598218
120 1633844535.4507165
120 1633844535.4519675
120 1633844535.4541612
120 1633844535.4559877
120 1633844535.4568667
120 1633844535.457418
120 1633844535.8402576
120 1633844535.8414338
120 1633844535.841811
120 1633844535.8427665
120 1633844535.8450577
120 1633844535.845991
120 1633844535.8470855
120 1633844535.847986
120 1633844536.4048095
120 1633844536.4059598
120 1633844536.4101515
120 1633844536.4112325
120 1633844536.4121456
120 1633844536.4134603
120 1633844536.4443016
120 1633844536.4453104
120 1633844536.448425
120 1633844536.4505932
120 1633844536.4512408
120 1633844536.4515412
120 1633844537.103509
120 1633844537.1047022
120 1633844537.1089401
120 1633844537.1103303
120 1633844537.111112
120 1633844537.1127346
120 1633844537.2008975
120 1633844537.2022166
120 1633844537.2044609
120 1633844537.2065752
120 1633844537.2073185
120 1633844537.2075164
120 1633844537.5233135
120 1633844537.524417
120 1633844537.5297942
120 1633844537.5301461
120 1633844537.531894
120 1633844537.5327432
120 1633844537.785386
120 1633844537.7865317
120 1633844537.7867785
120 1633844537.7882009
120 1633844537.7903404
120 1633844537.791387
120 1633844537.7921877
120 1633844537.7935166
120 1633844538.4903622
120 1633844538.4914708
120 1633844538.4948027
120 1633844538.4969168
120 1633844538.4978015
120 1633844538.498076
120 1633844538.6451836
120 1633844538.6462142
120 1633844538.6499383
120 1633844538.6520758
120 1633844538.6531003
120 1633844538.6543136
120 1633844538.801644
120 1633844538.8027616
120 1633844538.8063476
120 1633844538.8085663
120 1633844538.8094804
120 1633844538.8098333
120 1633844538.9469345
120 1633844538.9478693
120 1633844538.9483464
120 1633844538.9491632
120 1633844538.9515793
120 1633844538.9527597
120 1633844538.9547246
120 1633844538.9550667
120 1633844539.4996707
120 1633844539.5008097
120 1633844539.5048132
120 1633844539.5068533
120 1633844539.5078332
120 1633844539.507943
120 1633844539.7050948
120 1633844539.7060523
120 1633844539.7093813
120 1633844539.7116776
120 1633844539.712657
120 1633844539.713045
120 1633844541.3545654
120 1633844541.3557465
120 1633844541.359207
120 1633844541.3611526
120 1633844541.3620627
120 1633844541.3623178
120 1633844541.47753
120 1633844541.4786427
120 1633844541.4819682
120 1633844541.4831357
120 1633844541.4838617
120 1633844541.485277
120 1633844544.2242823
120 1633844544.2256072
120 1633844544.2302964
120 1633844544.2312975
120 1633844544.235576
120 1633844544.2371457
120 1633844544.322505
120 1633844544.3237703
120 1633844544.3263574
120 1633844544.3285463
120 1633844544.3291771
120 1633844544.3294003
120 1633844544.5812106
120 1633844544.5823152
120 1633844544.582575
120 1633844544.5836744
120 1633844544.5856197
120 1633844544.586692
120 1633844544.5878465
120 1633844544.5908232
120 1633844546.1741395
120 1633844546.175305
120 1633844546.1788316
120 1633844546.18078
120 1633844546.1817412
120 1633844546.1819463
120 1633844548.0492551
120 1633844548.050372
120 1633844548.0539653
120 1633844548.055899
120 1633844548.056661
120 1633844548.057046
120 1633844549.4173899
120 1633844549.4186852
120 1633844549.418944
120 1633844549.4201496
120 1633844549.4228346
120 1633844549.423833
120 1633844549.4250014
120 1633844549.4261513
120 1633844549.676008
120 1633844549.67725
120 1633844549.6804214
120 1633844549.6827157
120 1633844549.6833947
120 1633844549.6837997
120 1633844549.7725413
120 1633844549.7735922
120 1633844549.7737265
120 1633844549.7746484
120 1633844549.777266
120 1633844549.7782626
120 1633844549.779654
120 1633844549.780527
120 1633844549.919066
120 1633844549.920219
120 1633844549.9204397
120 1633844549.921463
120 1633844549.9236617
120 1633844549.9247482
120 1633844549.9256265
120 1633844549.9271343
120 1633844550.3960612
120 1633844550.397301
120 1633844550.4008853
120 1633844550.4029567
120 1633844550.403733
120 1633844550.4039552
120 1633844550.5477216
120 1633844550.5487485
120 1633844550.552956
120 1633844550.554368
120 1633844550.5563815
120 1633844550.557433
120 1633844551.6954896
120 1633844551.6966815
120 1633844551.6970472
120 1633844551.697967
120 1633844551.7001734
120 1633844551.701161
120 1633844551.7021492
120 1633844551.7034204
120 1633844551.7264016
120 1633844551.7274325
120 1633844551.7305892
120 1633844551.7325528
120 1633844551.7333734
120 1633844551.733527
120 1633844552.2765806
120 1633844552.277594
120 1633844552.2800405
120 1633844552.2822514
120 1633844552.2831042
120 1633844552.2832255
120 1633844552.4377954
120 1633844552.439097
120 1633844552.4424765
120 1633844552.4446487
120 1633844552.445585
120 1633844552.4467127
120 1633844553.9549644
120 1633844553.95624
120 1633844553.956273
120 1633844553.9576445
120 1633844553.9598138
120 1633844553.9607475
120 1633844553.9619203
120 1633844553.96291
120 1633844554.0660064
120 1633844554.067101
120 1633844554.0702875
120 1633844554.0726492
120 1633844554.0732849
120 1633844554.073605
120 1633844554.297052
120 1633844554.298085
120 1633844554.298495
120 1633844554.2994263
120 1633844554.301409
120 1633844554.3024755
120 1633844554.3033922
120 1633844554.3046837
120 1633844554.3148181
120 1633844554.3158271
120 1633844554.3160758
120 1633844554.3171308
120 1633844554.3190444
120 1633844554.3201134
120 1633844554.321051
120 1633844554.322571
120 1633844554.7180703
120 1633844554.7192254
120 1633844554.7221694
120 1633844554.7241278
120 1633844554.72508
120 1633844554.7252212
120 1633844554.7695112
120 1633844554.770374
120 1633844554.7729013
120 1633844554.7748682
120 1633844554.7756977
120 1633844554.775806
120 1633844554.8123934
120 1633844554.8134634
120 1633844554.8165085
120 1633844554.8177629
120 1633844554.8184295
120 1633844554.819852
120 1633844556.0176635
120 1633844556.0186193
120 1633844556.0189836
120 1633844556.020186
120 1633844556.0223727
120 1633844556.0231805
120 1633844556.02477
120 1633844556.0253909
120 1633844556.105079
120 1633844556.1059835
120 1633844556.1093738
120 1633844556.1115043
120 1633844556.1123433
120 1633844556.1124666
120 1633844556.3974519
120 1633844556.3986118
120 1633844556.4018784
120 1633844556.4037874
120 1633844556.4047568
120 1633844556.4047778
120 1633844556.5745583
120 1633844556.575579
120 1633844556.5792253
120 1633844556.5812027
120 1633844556.5821445
120 1633844556.5822802
120 1633844557.9349806
120 1633844557.9361331
120 1633844557.9365277
120 1633844557.9377105
120 1633844557.9400656
120 1633844557.9410417
120 1633844557.9432688
120 1633844557.9441402
120 1633844558.9420516
120 1633844558.9431264
120 1633844558.946493
120 1633844558.9483547
120 1633844558.9492123
120 1633844558.9492605
120 1633844559.7543252
120 1633844559.7555678
120 1633844559.7588797
120 1633844559.763491
120 1633844559.7637932
120 1633844559.764385
120 1633844560.2437453
120 1633844560.2448952
120 1633844560.2482755
120 1633844560.2510095
120 1633844560.251077
120 1633844560.2523687
120 1633844560.8433516
120 1633844560.844613
120 1633844560.8491445
120 1633844560.8503523
120 1633844560.851173
120 1633844560.8526726
120 1633844561.4659066
120 1633844561.4671223
120 1633844561.4673524
120 1633844561.4686131
120 1633844561.4702249
120 1633844561.47136
120 1633844561.472278
120 1633844561.4734695
120 1633844562.387517
120 1633844562.3887098
120 1633844562.39204
120 1633844562.3938406
120 1633844562.3947477
120 1633844562.3962927
120 1633844563.3807645
120 1633844563.3819814
120 1633844563.3873954
120 1633844563.3894236
120 1633844563.390452
120 1633844563.3905995
120 1633844564.6765265
120 1633844564.6776552
120 1633844564.680622
120 1633844564.6826947
120 1633844564.6835103
120 1633844564.6836002
120 1633844565.31844
120 1633844565.3195949
120 1633844565.3218079
120 1633844565.3240628
120 1633844565.3250446
120 1633844565.3258352
120 1633844565.5278096
120 1633844565.5288613
120 1633844565.5303206
120 1633844565.5304358
120 1633844565.5341058
120 1633844565.534936
120 1633844565.5370102
120 1633844565.5371273
120 1633844565.5631187
120 1633844565.5640163
120 1633844565.5668015
120 1633844565.5687966
120 1633844565.569895
120 1633844565.5700083
120 1633844566.82182
120 1633844566.8228848
120 1633844566.824922
120 1633844566.8270435
120 1633844566.8280158
120 1633844566.8281322
120 1633844567.1301594
120 1633844567.1313071
120 1633844567.131636
120 1633844567.1325912
120 1633844567.1346781
120 1633844567.1354704
120 1633844567.1367486
120 1633844567.137725
120 1633844567.7977526
120 1633844567.7988775
120 1633844567.8022234
120 1633844567.8064406
120 1633844567.807156
120 1633844567.8074167
120 1633844567.9526489
120 1633844567.953492
120 1633844567.9539344
120 1633844567.9549696
120 1633844567.9569402
120 1633844567.9580703
120 1633844567.9588614
120 1633844567.9609911
120 1633844568.6339378
120 1633844568.635164
120 1633844568.6353238
120 1633844568.6365051
120 1633844568.6385674
120 1633844568.6394594
120 1633844568.6407964
120 1633844568.6415787
120 1633844568.900911
120 1633844568.9020476
120 1633844568.9021742
120 1633844568.903578
120 1633844568.905611
120 1633844568.906532
120 1633844568.9077208
120 1633844568.9088013
120 1633844569.1893036
120 1633844569.1902897
120 1633844569.1951003
120 1633844569.1961396
120 1633844569.1968133
120 1633844569.19825
120 1633844569.3704417
120 1633844569.3716788
120 1633844569.375021
120 1633844569.3772147
120 1633844569.3778923
120 1633844569.3781757
120 1633844569.7208223
120 1633844569.7220025
120 1633844569.7223241
120 1633844569.723291
120 1633844569.7253017
120 1633844569.7262452
120 1633844569.7273748
120 1633844569.7285585
120 1633844570.0172768
120 1633844570.0184534
120 1633844570.0188012
120 1633844570.019776
120 1633844570.0220575
120 1633844570.0229716
120 1633844570.0253086
120 1633844570.0267107
120 1633844571.0962121
120 1633844571.0973494
120 1633844571.0977583
120 1633844571.0987697
120 1633844571.1008492
120 1633844571.1018293
120 1633844571.1031623
120 1633844571.104047
120 1633844572.052003
120 1633844572.0531209
120 1633844572.0535169
120 1633844572.054576
120 1633844572.0565703
120 1633844572.0574296
120 1633844572.0589237
120 1633844572.0617695
120 1633844572.4551563
120 1633844572.4562504
120 1633844572.4606383
120 1633844572.4618127
120 1633844572.4625347
120 1633844572.4645612
120 1633844574.1915393
120 1633844574.1925914
120 1633844574.1968968
120 1633844574.198214
120 1633844574.1989293
120 1633844574.2004397
120 1633844575.113202
120 1633844575.1143365
120 1633844575.114486
120 1633844575.1156986
120 1633844575.1181731
120 1633844575.1190977
120 1633844575.121131
120 1633844575.1223297
120 1633844575.203134
120 1633844575.2042527
120 1633844575.2080386
120 1633844575.2098334
120 1633844575.210219
120 1633844575.2118084
120 1633844576.4072123
120 1633844576.4085982
120 1633844576.4086285
120 1633844576.4100363
120 1633844576.4121163
120 1633844576.4131372
120 1633844576.4143572
120 1633844576.4150898
120 1633844576.788985
120 1633844576.790133
120 1633844576.7933803
120 1633844576.795585
120 1633844576.7963095
120 1633844576.7965453
120 1633844576.8479521
120 1633844576.8488953
120 1633844576.8542762
120 1633844576.8562803
120 1633844576.8572257
120 1633844576.8574367
120 1633844578.0176144
120 1633844578.0187788
120 1633844578.01909
120 1633844578.0204277
120 1633844578.0226038
120 1633844578.0236564
120 1633844578.0248728
120 1633844578.025973
120 1633844578.5901778
120 1633844578.5912254
120 1633844578.5946684
120 1633844578.596839
120 1633844578.597655
120 1633844578.5977871
120 1633844579.3915884
120 1633844579.392605
120 1633844579.3987875
120 1633844579.4016614
120 1633844579.4018857
120 1633844579.4026642
120 1633844580.0105815
120 1633844580.0115473
120 1633844580.0150912
120 1633844580.0170033
120 1633844580.0181155
120 1633844580.0182996
120 1633844580.0271184
120 1633844580.0280476
120 1633844580.0312886
120 1633844580.0333366
120 1633844580.0340884
120 1633844580.0341666
120 1633844580.4560852
120 1633844580.4571993
120 1633844580.4609334
120 1633844580.4631069
120 1633844580.4637744
120 1633844580.464318
120 1633844581.2005296
120 1633844581.2016299
120 1633844581.2050838
120 1633844581.2070212
120 1633844581.207936
120 1633844581.207975
120 1633844582.169261
120 1633844582.1704586
120 1633844582.173753
120 1633844582.1749244
120 1633844582.1758685
120 1633844582.1774466
120 1633844583.2777371
120 1633844583.2789233
120 1633844583.2821112
120 1633844583.283896
120 1633844583.2848778
120 1633844583.2850716
120 1633844583.564445
120 1633844583.565576
120 1633844583.569281
120 1633844583.5713832
120 1633844583.572312
120 1633844583.572501
120 1633844583.9652956
120 1633844583.9662523
120 1633844583.9695842
120 1633844583.971572
120 1633844583.972521
120 1633844583.9727764
120 1633844584.8367827
120 1633844584.8380656
120 1633844584.838351
120 1633844584.8397205
120 1633844584.841868
120 1633844584.8428688
120 1633844584.8441892
120 1633844584.8451688
120 1633844585.5535636
120 1633844585.5567033
120 1633844585.5594194
120 1633844585.5614803
120 1633844585.562507
120 1633844585.5626233
120 1633844586.5051692
120 1633844586.5063293
120 1633844586.5066502
120 1633844586.507782
120 1633844586.509973
120 1633844586.5113127
120 1633844586.5129626
120 1633844586.5147138
120 1633844587.512351
120 1633844587.513536
120 1633844587.5169895
120 1633844587.5193083
120 1633844587.520122
120 1633844587.5203295
120 1633844587.7508087
120 1633844587.7517996
120 1633844587.7564716
120 1633844587.7586305
120 1633844587.7597497
120 1633844587.7597952
120 1633844587.890078
120 1633844587.8910656
120 1633844587.8948646
120 1633844587.8975618
120 1633844587.8978465
120 1633844587.8988485
120 1633844588.7503421
120 1633844588.751598
120 1633844588.7552578
120 1633844588.7573733
120 1633844588.7583437
120 1633844588.7593467
120 1633844588.7779539
120 1633844588.7789118
120 1633844588.7811127
120 1633844588.7833266
120 1633844588.7841275
120 1633844588.7842329
120 1633844590.0308256
120 1633844590.0320766
120 1633844590.0354471
120 1633844590.0375552
120 1633844590.0383914
120 1633844590.0385947
120 1633844590.2014875
120 1633844590.2024379
120 1633844590.2060983
120 1633844590.2083523
120 1633844590.2094095
120 1633844590.2101896
120 1633844592.2253246
120 1633844592.2263737
120 1633844592.2288542
120 1633844592.2310853
120 1633844592.23182
120 1633844592.2319663
120 1633844592.4946077
120 1633844592.4958332
120 1633844592.4960485
120 1633844592.4970906
120 1633844592.4999776
120 1633844592.5010076
120 1633844592.5019884
120 1633844592.5032535
120 1633844592.7963321
120 1633844592.797555
120 1633844592.8006508
120 1633844592.802783
120 1633844592.8038144
120 1633844592.8039703
120 1633844593.404052
120 1633844593.4050977
120 1633844593.4054356
120 1633844593.4066014
120 1633844593.4085999
120 1633844593.4093127
120 1633844593.4106288
120 1633844593.4123726
120 1633844593.5773973
120 1633844593.578431
120 1633844593.5818026
120 1633844593.5837936
120 1633844593.5846522
120 1633844593.584878
120 1633844593.6447513
120 1633844593.645711
120 1633844593.6491241
120 1633844593.6512017
120 1633844593.652384
120 1633844593.652835
