120 1633844495.1171722
120 1633844495.1187594
120 1633844495.1201973
120 1633844495.1211903
120 1633844495.1438167
120 1633844495.1458278
120 1633844495.1496594
120 1633844495.1516232
120 1633844495.4429312
120 1633844495.4433043
120 1633844495.4443343
120 1633844495.4443724
120 1633844495.4444091
120 1633844495.448835
120 1633844495.4498065
120 1633844495.4506843
120 1633844495.45085
120 1633844495.4565542
120 1633844495.4570816
120 1633844495.4595203
120 1633844495.4604418
120 1633844495.4632406
120 1633844495.7462728
120 1633844495.7472208
120 1633844495.7511399
120 1633844495.7531395
120 1633844495.7540448
120 1633844495.7554822
120 1633844495.8883443
120 1633844495.8893685
120 1633844495.8897014
120 1633844495.8906858
120 1633844495.8926833
120 1633844495.8935
120 1633844495.8959565
120 1633844495.8971453
120 1633844496.8337498
120 1633844496.8348775
120 1633844496.8380141
120 1633844496.8392847
120 1633844496.8398743
120 1633844496.8414376
120 1633844497.1703315
120 1633844497.171499
120 1633844497.1766367
120 1633844497.1787488
120 1633844497.1796257
120 1633844497.1810205
120 1633844497.5036328
120 1633844497.5046108
120 1633844497.508128
120 1633844497.5092869
120 1633844497.5099595
120 1633844497.5112839
120 1633844497.6541965
120 1633844497.655244
120 1633844497.6584492
120 1633844497.6605835
120 1633844497.6613991
120 1633844497.6625328
120 1633844497.7942572
120 1633844497.79541
120 1633844497.797819
120 1633844497.7999797
120 1633844497.80084
120 1633844497.8021412
120 1633844498.684564
120 1633844498.6857178
120 1633844498.6879134
120 1633844498.69173
120 1633844498.692589
120 1633844498.6942203
120 1633844499.044105
120 1633844499.045246
120 1633844499.0496168
120 1633844499.0508242
120 1633844499.0514553
120 1633844499.052944
120 1633844499.6631565
120 1633844499.6643023
120 1633844499.6677408
120 1633844499.668997
120 1633844499.6696467
120 1633844499.6710384
120 1633844499.8635025
120 1633844499.8645017
120 1633844499.8682144
120 1633844499.8694358
120 1633844499.8702464
120 1633844499.8716567
120 1633844499.8960373
120 1633844499.8969758
120 1633844499.8976893
120 1633844499.8980703
120 1633844499.8998866
120 1633844499.9006424
120 1633844499.9026456
120 1633844499.90466
120 1633844500.748551
120 1633844500.7495568
120 1633844500.7500474
120 1633844500.7511742
120 1633844500.753207
120 1633844500.7540472
120 1633844500.7551956
120 1633844500.75733
120 1633844501.4311519
120 1633844501.4321632
120 1633844501.4328437
120 1633844501.433562
120 1633844501.435574
120 1633844501.4364111
120 1633844501.4377291
120 1633844501.4397812
120 1633844501.5610425
120 1633844501.561961
120 1633844501.5656662
120 1633844501.570116
120 1633844501.591548
120 1633844501.5925767
120 1633844501.6144953
120 1633844501.6154075
120 1633844501.615786
120 1633844501.6178489
120 1633844501.6200206
120 1633844501.6208608
120 1633844501.6220214
120 1633844501.6243923
120 1633844502.6975691
120 1633844502.6988828
120 1633844502.699141
120 1633844502.700563
120 1633844502.7026625
120 1633844502.7035937
120 1633844502.7049353
120 1633844502.7063491
120 1633844503.682968
120 1633844503.6840484
120 1633844503.688137
120 1633844503.6895173
120 1633844503.6899166
120 1633844503.6916816
120 1633844504.4627953
120 1633844504.4639692
120 1633844504.464588
120 1633844504.4654603
120 1633844504.4674916
120 1633844504.468601
120 1633844504.4710817
120 1633844504.4723573
120 1633844504.565968
120 1633844504.5671542
120 1633844504.5673857
120 1633844504.56838
120 1633844504.5707011
120 1633844504.5716352
120 1633844504.5727146
120 1633844504.5751038
120 1633844505.3431194
120 1633844505.344076
120 1633844505.3449214
120 1633844505.345711
120 1633844505.348342
120 1633844505.349256
120 1633844505.3506508
120 1633844505.3514688
120 1633844505.510435
120 1633844505.5114121
120 1633844505.5118341
120 1633844505.5126553
120 1633844505.5146885
120 1633844505.5154965
120 1633844505.5170214
120 1633844505.5191019
120 1633844505.771265
120 1633844505.7723384
120 1633844505.775872
120 1633844505.7777417
120 1633844505.7785487
120 1633844505.7801416
120 1633844506.7980342
120 1633844506.799096
120 1633844506.799564
120 1633844506.800534
120 1633844506.802803
120 1633844506.803694
120 1633844506.8051345
120 1633844506.8070722
120 1633844507.197586
120 1633844507.198687
120 1633844507.2032921
120 1633844507.2051585
120 1633844507.2060769
120 1633844507.2084541
120 1633844508.3076262
120 1633844508.3087757
120 1633844508.314145
120 1633844508.314486
120 1633844508.316238
120 1633844508.3171296
120 1633844508.6070013
120 1633844508.6082802
120 1633844508.6115446
120 1633844508.61286
120 1633844508.613592
120 1633844508.6150188
120 1633844508.9722283
120 1633844508.973365
120 1633844508.9778252
120 1633844508.9797406
120 1633844508.9801147
120 1633844508.9806113
120 1633844509.1073823
120 1633844509.10838
120 1633844509.1085935
120 1633844509.1095908
120 1633844509.1115725
120 1633844509.1123204
120 1633844509.1136024
120 1633844509.1157618
120 1633844510.0929873
120 1633844510.094091
120 1633844510.0972009
120 1633844510.0983589
120 1633844510.1010573
120 1633844510.1025257
120 1633844511.423693
120 1633844511.4248512
120 1633844511.4251146
120 1633844511.4262826
120 1633844511.4289842
120 1633844511.4298515
120 1633844511.4311147
120 1633844511.4328773
120 1633844511.477726
120 1633844511.4786935
120 1633844511.4790027
120 1633844511.479903
120 1633844511.4816868
120 1633844511.482526
120 1633844511.483858
120 1633844511.4859977
120 1633844511.6792986
120 1633844511.6803787
120 1633844511.6857576
120 1633844511.6875496
120 1633844511.6880472
120 1633844511.6885364
120 1633844511.812989
120 1633844511.8139768
120 1633844511.817376
120 1633844511.8188984
120 1633844511.8194544
120 1633844511.820804
120 1633844512.2006989
120 1633844512.2017398
120 1633844512.2058785
120 1633844512.208954
120 1633844512.2098277
120 1633844512.2099984
120 1633844512.6000295
120 1633844512.6013205
120 1633844512.6015742
120 1633844512.602806
120 1633844512.6047535
120 1633844512.6056476
120 1633844512.6068976
120 1633844512.609123
120 1633844513.5509975
120 1633844513.552282
120 1633844513.5562618
120 1633844513.558064
120 1633844513.5603027
120 1633844513.5609643
120 1633844513.7110515
120 1633844513.7120678
120 1633844513.7155023
120 1633844513.716742
120 1633844513.7173345
120 1633844513.7189646
120 1633844513.7835305
120 1633844513.7845392
120 1633844513.787827
120 1633844513.7898877
120 1633844513.7906528
120 1633844513.7916827
120 1633844514.2161074
120 1633844514.2172577
120 1633844514.2207053
120 1633844514.2226627
120 1633844514.2235756
120 1633844514.2246177
120 1633844514.7841759
120 1633844514.7851806
120 1633844514.7886577
120 1633844514.7898414
120 1633844514.790435
120 1633844514.7919672
120 1633844516.699406
120 1633844516.700557
120 1633844516.700936
120 1633844516.701921
120 1633844516.70395
120 1633844516.7048874
120 1633844516.705995
120 1633844516.707202
120 1633844517.3675184
120 1633844517.3685865
120 1633844517.3690712
120 1633844517.370059
120 1633844517.3720052
120 1633844517.3730166
120 1633844517.3743322
120 1633844517.3762052
120 1633844518.164668
120 1633844518.165749
120 1633844518.1662104
120 1633844518.1671846
120 1633844518.169284
120 1633844518.1700442
120 1633844518.1714377
120 1633844518.1721997
120 1633844518.5428321
120 1633844518.5437145
120 1633844518.5472078
120 1633844518.5491111
120 1633844518.5499835
120 1633844518.5511174
120 1633844519.7841833
120 1633844519.785247
120 1633844519.7891495
120 1633844519.7911563
120 1633844519.7919614
120 1633844519.7938137
120 1633844520.3022842
120 1633844520.3034956
120 1633844520.3066862
120 1633844520.3076458
120 1633844520.3085673
120 1633844520.3099558
120 1633844520.5212798
120 1633844520.522274
120 1633844520.522852
120 1633844520.5236526
120 1633844520.5254192
120 1633844520.5263777
120 1633844520.529066
120 1633844520.5301747
120 1633844520.5585904
120 1633844520.5595102
120 1633844520.5628762
120 1633844520.5641823
120 1633844520.5647006
120 1633844520.5661335
120 1633844521.4897456
120 1633844521.4906342
120 1633844521.4944937
120 1633844521.4965086
120 1633844521.4974227
120 1633844521.498445
120 1633844521.7849646
120 1633844521.7861857
120 1633844521.790672
120 1633844521.7926674
120 1633844521.793459
120 1633844521.7950482
120 1633844522.052164
120 1633844522.0532646
120 1633844522.053538
120 1633844522.0545566
120 1633844522.056569
120 1633844522.0574026
120 1633844522.0587
120 1633844522.0595057
120 1633844522.9249153
120 1633844522.9260466
120 1633844522.9298673
120 1633844522.9320247
120 1633844522.93285
120 1633844522.9345286
120 1633844523.5214775
120 1633844523.5227568
120 1633844523.5259218
120 1633844523.527124
120 1633844523.5295317
120 1633844523.530425
120 1633844524.9681091
120 1633844524.969263
120 1633844524.976807
120 1633844524.9780955
120 1633844524.9786298
120 1633844524.9798882
120 1633844526.1297843
120 1633844526.1308584
120 1633844526.1323695
120 1633844526.2076194
120 1633844526.209533
120 1633844526.210736
120 1633844526.2118354
120 1633844526.2133777
120 1633844526.214425
120 1633844526.2151423
120 1633844526.216929
120 1633844526.2175436
120 1633844526.2178614
120 1633844526.218672
120 1633844526.221901
120 1633844526.222058
120 1633844526.5097375
120 1633844526.5108707
120 1633844526.5141296
120 1633844526.5165734
120 1633844526.5171714
120 1633844526.5174685
120 1633844527.087589
120 1633844527.0886927
120 1633844527.0923672
120 1633844527.0941844
120 1633844527.095098
120 1633844527.0966315
120 1633844528.8779852
120 1633844528.879149
120 1633844528.8795607
120 1633844528.8805597
120 1633844528.8825831
120 1633844528.8834887
120 1633844528.8847818
120 1633844528.8878272
120 1633844530.077231
120 1633844530.0784295
120 1633844530.0784833
120 1633844530.0791833
120 1633844530.080501
120 1633844530.0814567
120 1633844530.0823302
120 1633844530.0831242
120 1633844530.0843077
120 1633844530.0845592
120 1633844530.0869699
120 1633844530.0877051
120 1633844530.0878224
120 1633844530.088769
120 1633844531.3337784
120 1633844531.3349693
120 1633844531.3381598
120 1633844531.3394768
120 1633844531.3400207
120 1633844531.3415177
120 1633844532.326277
120 1633844532.327367
120 1633844532.3315759
120 1633844532.3336499
120 1633844532.333816
120 1633844532.3350966
120 1633844532.3501034
120 1633844532.351006
120 1633844532.3511496
120 1633844532.3520458
120 1633844532.3544822
120 1633844532.3553421
120 1633844532.3566153
120 1633844532.3588321
120 1633844532.6509326
120 1633844532.6520605
120 1633844532.6553152
120 1633844532.6571724
120 1633844532.657324
120 1633844532.658596
120 1633844532.8220086
120 1633844532.8231523
120 1633844532.826461
120 1633844532.8286488
120 1633844532.8294969
120 1633844532.83092
120 1633844533.0900342
120 1633844533.091163
120 1633844533.0913608
120 1633844533.0924454
120 1633844533.094235
120 1633844533.0950859
120 1633844533.0963745
120 1633844533.0983927
120 1633844533.4469743
120 1633844533.4479265
120 1633844533.4515216
120 1633844533.452828
120 1633844533.453539
120 1633844533.4548938
120 1633844533.8498316
120 1633844533.8510015
120 1633844533.8513796
120 1633844533.852276
120 1633844533.8545914
120 1633844533.8554945
120 1633844533.8569083
120 1633844533.8584785
120 1633844535.4494956
120 1633844535.4507127
120 1633844535.4552307
120 1633844535.4569101
120 1633844535.457304
120 1633844535.4586992
120 1633844535.8403711
120 1633844535.8416204
120 1633844535.8459833
120 1633844535.8478642
120 1633844535.8479836
120 1633844535.8487403
120 1633844536.4045353
120 1633844536.4056509
120 1633844536.4059508
120 1633844536.407
120 1633844536.4090512
120 1633844536.4100015
120 1633844536.4121425
120 1633844536.412259
120 1633844536.444139
120 1633844536.4450517
120 1633844536.4452891
120 1633844536.446117
120 1633844536.4482949
120 1633844536.4490314
120 1633844536.4515245
120 1633844536.452697
120 1633844537.1032972
120 1633844537.1043832
120 1633844537.1047375
120 1633844537.1057334
120 1633844537.107974
120 1633844537.108805
120 1633844537.1111028
120 1633844537.111211
120 1633844537.2007108
120 1633844537.2015605
120 1633844537.2022321
120 1633844537.202666
120 1633844537.2043202
120 1633844537.2050893
120 1633844537.206559
120 1633844537.208613
120 1633844537.523131
120 1633844537.524096
120 1633844537.524487
120 1633844537.5255418
120 1633844537.5274353
120 1633844537.5300288
120 1633844537.530923
120 1633844537.5318918
120 1633844537.7854872
120 1633844537.7866504
120 1633844537.7903378
120 1633844537.7920363
120 1633844537.7929451
120 1633844537.7945936
120 1633844538.4901152
120 1633844538.4912004
120 1633844538.4914792
120 1633844538.4926922
120 1633844538.494648
120 1633844538.4956963
120 1633844538.4969144
120 1633844538.4992929
120 1633844538.6462042
120 1633844538.647287
120 1633844538.6508508
120 1633844538.6520963
120 1633844538.6526172
120 1633844538.654175
120 1633844538.8025725
120 1633844538.8035817
120 1633844538.8072681
120 1633844538.8085845
120 1633844538.8092692
120 1633844538.8108747
120 1633844538.9479373
120 1633844538.9489653
120 1633844538.9515808
120 1633844538.9536688
120 1633844538.9545739
120 1633844538.9565063
120 1633844539.5008397
120 1633844539.5017567
120 1633844539.5056078
120 1633844539.5076628
120 1633844539.5079236
120 1633844539.5085917
120 1633844539.704912
120 1633844539.7059069
120 1633844539.70607
120 1633844539.707142
120 1633844539.7092192
120 1633844539.7100682
120 1633844539.7116904
120 1633844539.714188
120 1633844541.355656
120 1633844541.3567867
120 1633844541.360098
120 1633844541.361285
120 1633844541.3622
120 1633844541.3641222
120 1633844541.4762664
120 1633844541.4773667
120 1633844541.480993
120 1633844541.4829514
120 1633844541.483818
120 1633844541.4839406
120 1633844544.2253964
120 1633844544.2264857
120 1633844544.2291946
120 1633844544.2311504
120 1633844544.2322245
120 1633844544.2356124
120 1633844544.323292
120 1633844544.3244095
120 1633844544.3272333
120 1633844544.328585
120 1633844544.3290431
120 1633844544.3303902
120 1633844544.5812917
120 1633844544.5823803
120 1633844544.5856123
120 1633844544.5877237
120 1633844544.5885222
120 1633844544.5923402
120 1633844546.1752374
120 1633844546.1764288
120 1633844546.179829
120 1633844546.1808434
120 1633844546.1818087
120 1633844546.183315
120 1633844548.0490165
120 1633844548.0501213
120 1633844548.0503736
120 1633844548.0515354
120 1633844548.0538232
120 1633844548.0546944
120 1633844548.0558999
120 1633844548.0579965
120 1633844549.4187791
120 1633844549.4200144
120 1633844549.4228306
120 1633844549.4248567
120 1633844549.4257014
120 1633844549.4271936
120 1633844549.6757698
120 1633844549.67702
120 1633844549.6772385
120 1633844549.678332
120 1633844549.6802847
120 1633844549.681118
120 1633844549.6838033
120 1633844549.6848493
120 1633844549.773615
120 1633844549.7745295
120 1633844549.777291
120 1633844549.7795255
120 1633844549.7803648
120 1633844549.781801
120 1633844549.9191031
120 1633844549.9202523
120 1633844549.9236512
120 1633844549.9254897
120 1633844549.926492
120 1633844549.928576
120 1633844550.3972344
120 1633844550.398355
120 1633844550.401633
120 1633844550.403
120 1633844550.4035668
120 1633844550.4050863
120 1633844550.547487
120 1633844550.5486095
120 1633844550.5487456
120 1633844550.5497403
120 1633844550.5519178
120 1633844550.5528102
120 1633844550.5552154
120 1633844550.5563743
120 1633844551.6967893
120 1633844551.6978354
120 1633844551.7001762
120 1633844551.7020116
120 1633844551.7027752
120 1633844551.7049472
120 1633844551.7262187
120 1633844551.7271836
120 1633844551.7274268
120 1633844551.7284174
120 1633844551.730457
120 1633844551.7312896
120 1633844551.7325509
120 1633844551.7347288
120 1633844552.275508
120 1633844552.2765405
120 1633844552.2810054
120 1633844552.2822657
120 1633844552.282985
120 1633844552.2843988
120 1633844552.4375088
120 1633844552.438736
120 1633844552.439087
120 1633844552.4398859
120 1633844552.4423132
120 1633844552.4431932
120 1633844552.4446344
120 1633844552.4453135
120 1633844553.955053
120 1633844553.9560974
120 1633844553.959814
120 1633844553.9617898
120 1633844553.9625986
120 1633844553.9658747
120 1633844554.0669925
120 1633844554.0680163
120 1633844554.0711622
120 1633844554.0726566
120 1633844554.0731332
120 1633844554.0746167
120 1633844554.2971053
120 1633844554.298337
120 1633844554.3013985
120 1633844554.303269
120 1633844554.3041575
120 1633844554.3061326
120 1633844554.315835
120 1633844554.3170102
120 1633844554.3190308
120 1633844554.320815
120 1633844554.3217566
120 1633844554.324213
120 1633844554.7178457
120 1633844554.7190745
120 1633844554.7192166
120 1633844554.7204452
120 1633844554.7220392
120 1633844554.7231088
120 1633844554.7250628
120 1633844554.7267146
120 1633844554.768504
120 1633844554.7694933
120 1633844554.7739806
120 1633844554.7748747
120 1633844554.775638
120 1633844554.7770994
120 1633844554.811376
120 1633844554.812434
120 1633844554.8154972
120 1633844554.8176143
120 1633844554.818427
120 1633844554.8186767
120 1633844556.0178242
120 1633844556.0188546
120 1633844556.0224085
120 1633844556.0246434
120 1633844556.025485
120 1633844556.0262926
120 1633844556.1058547
120 1633844556.1067874
120 1633844556.1102023
120 1633844556.1115096
120 1633844556.1121566
120 1633844556.1135323
120 1633844556.3984554
120 1633844556.3994644
120 1633844556.4028814
120 1633844556.403854
120 1633844556.4045832
120 1633844556.4061007
120 1633844556.5756257
120 1633844556.5768652
120 1633844556.580095
120 1633844556.5812128
120 1633844556.5819902
120 1633844556.5835364
120 1633844557.9350607
120 1633844557.9363294
120 1633844557.940065
120 1633844557.9429662
120 1633844557.9439774
120 1633844557.9442892
120 1633844558.9430282
120 1633844558.944089
120 1633844558.9473603
120 1633844558.9484053
120 1633844558.9490352
120 1633844558.9506345
120 1633844559.755439
120 1633844559.7565975
120 1633844559.759937
120 1633844559.7636445
120 1633844559.7643847
120 1633844559.76453
120 1633844560.2448268
120 1633844560.2461228
120 1633844560.2491477
120 1633844560.2508686
120 1633844560.2516868
120 1633844560.2523985
120 1633844560.8431556
120 1633844560.8444068
120 1633844560.844654
120 1633844560.8460152
120 1633844560.848029
120 1633844560.8490293
120 1633844560.85107
120 1633844560.8526762
120 1633844561.4660592
120 1633844561.467214
120 1633844561.4702585
120 1633844561.472135
120 1633844561.4730353
120 1633844561.4746163
120 1633844562.3885272
120 1633844562.3895743
120 1633844562.392835
120 1633844562.3938518
120 1633844562.394662
120 1633844562.396145
120 1633844563.3816626
120 1633844563.3828945
120 1633844563.388359
120 1633844563.3903506
120 1633844563.390466
120 1633844563.3911927
120 1633844564.6762762
120 1633844564.677306
120 1633844564.6776626
120 1633844564.6787105
120 1633844564.6804948
120 1633844564.6813366
120 1633844564.682685
120 1633844564.684587
120 1633844565.3170168
120 1633844565.3182619
120 1633844565.3184075
120 1633844565.3196344
120 1633844565.3216882
120 1633844565.3225718
120 1633844565.3240516
120 1633844565.3247254
120 1633844565.5288906
120 1633844565.5301821
120 1633844565.5341156
120 1633844565.5360465
120 1633844565.536886
120 1633844565.538384
120 1633844565.5629497
120 1633844565.5636816
120 1633844565.564008
120 1633844565.564833
120 1633844565.5666728
120 1633844565.5677383
120 1633844565.5687993
120 1633844565.571203
120 1633844566.820321
120 1633844566.8216338
120 1633844566.82184
120 1633844566.8229237
120 1633844566.824752
120 1633844566.8257113
120 1633844566.8270497
120 1633844566.8289485
120 1633844567.1302986
120 1633844567.1315076
120 1633844567.1346846
120 1633844567.136614
120 1633844567.1376595
120 1633844567.1388683
120 1633844567.7987885
120 1633844567.7999394
120 1633844567.8034832
120 1633844567.8064673
120 1633844567.8070068
120 1633844567.8090646
120 1633844567.952741
120 1633844567.9537706
120 1633844567.9569468
120 1633844567.9587154
120 1633844567.9597514
120 1633844567.9601185
120 1633844568.6339972
120 1633844568.635111
120 1633844568.6385727
120 1633844568.640668
120 1633844568.6415875
120 1633844568.642506
120 1633844568.900998
120 1633844568.901981
120 1633844568.9056013
120 1633844568.9075875
120 1633844568.9084678
120 1633844568.9095726
120 1633844569.1904054
120 1633844569.191645
120 1633844569.1940084
120 1633844569.1959722
120 1633844569.1968133
120 1633844569.1968997
120 1633844569.371548
120 1633844569.3726206
120 1633844569.375908
120 1633844569.3772414
120 1633844569.3777726
120 1633844569.379428
120 1633844569.7209382
120 1633844569.7221503
120 1633844569.7253094
120 1633844569.72724
120 1633844569.7281177
120 1633844569.7295828
120 1633844570.0174043
120 1633844570.0186205
120 1633844570.022063
120 1633844570.0241454
120 1633844570.024992
120 1633844570.0251787
120 1633844571.096348
120 1633844571.097573
120 1633844571.1018512
120 1633844571.1039026
120 1633844571.104309
120 1633844571.1048281
120 1633844572.0531921
120 1633844572.0543697
120 1633844572.056566
120 1633844572.0587914
120 1633844572.059634
120 1633844572.0635695
120 1633844572.4560692
120 1633844572.4571776
120 1633844572.4597502
120 1633844572.461616
120 1633844572.4625256
120 1633844572.4625773
120 1633844574.192468
120 1633844574.1935287
120 1633844574.1959171
120 1633844574.1980784
120 1633844574.1988752
120 1633844574.1989906
120 1633844575.11446
120 1633844575.1155663
120 1633844575.1181715
120 1633844575.1220293
120 1633844575.1221762
120 1633844575.1231945
120 1633844575.2039733
120 1633844575.2049108
120 1633844575.20698
120 1633844575.2096899
120 1633844575.2102044
120 1633844575.2106588
120 1633844576.4087684
120 1633844576.4098957
120 1633844576.412124
120 1633844576.4142292
120 1633844576.4150827
120 1633844576.4159522
120 1633844576.79004
120 1633844576.7911623
120 1633844576.7941716
120 1633844576.7961764
120 1633844576.7965283
120 1633844576.7970161
120 1633844576.847809
120 1633844576.8489268
120 1633844576.8489997
120 1633844576.849927
120 1633844576.8541546
120 1633844576.855152
120 1633844576.8562748
120 1633844576.858319
120 1633844578.017749
120 1633844578.0189488
120 1633844578.0226166
120 1633844578.0247374
120 1633844578.025536
120 1633844578.027147
120 1633844578.5899105
120 1633844578.5911229
120 1633844578.5912356
120 1633844578.5924
120 1633844578.594539
120 1633844578.595416
120 1633844578.5977955
120 1633844578.59903
120 1633844579.395553
120 1633844579.396652
120 1633844579.3998408
120 1633844579.4017072
120 1633844579.4017646
120 1633844579.402938
120 1633844580.0103061
120 1633844580.0114396
120 1633844580.011552
120 1633844580.0128653
120 1633844580.014959
120 1633844580.0159895
120 1633844580.017003
120 1633844580.0192301
120 1633844580.0269902
120 1633844580.0280595
120 1633844580.028139
120 1633844580.0292714
120 1633844580.031162
120 1633844580.0321615
120 1633844580.0333433
120 1633844580.0354316
120 1633844580.455848
120 1633844580.4570358
120 1633844580.4572475
120 1633844580.458689
120 1633844580.4607909
120 1633844580.4616892
120 1633844580.46432
120 1633844580.4654057
120 1633844581.2003067
120 1633844581.2012622
120 1633844581.2016764
120 1633844581.202731
120 1633844581.2049482
120 1633844581.205792
120 1633844581.208083
120 1633844581.208907
120 1633844582.168027
120 1633844582.1692042
120 1633844582.1726835
120 1633844582.1745894
120 1633844582.175502
120 1633844582.1759343
120 1633844583.277522
120 1633844583.278685
120 1633844583.2789643
120 1633844583.280053
120 1633844583.2819762
120 1633844583.2829201
120 1633844583.2838852
120 1633844583.2859797
120 1633844583.5655878
120 1633844583.56683
120 1633844583.57013
120 1633844583.5714421
120 1633844583.5721734
120 1633844583.573638
120 1633844583.9650767
120 1633844583.9662578
120 1633844583.9663942
120 1633844583.9676573
120 1633844583.9694583
120 1633844583.9704385
120 1633844583.971565
120 1633844583.9739923
120 1633844584.8381555
120 1633844584.8395646
120 1633844584.8418772
120 1633844584.8440492
120 1633844584.8450363
120 1633844584.8461707
120 1633844585.5527015
120 1633844585.553971
120 1633844585.5555224
120 1633844585.556705
120 1633844585.5592828
120 1633844585.560189
120 1633844585.561479
120 1633844585.5634582
120 1633844586.5052834
120 1633844586.5065138
120 1633844586.5099843
120 1633844586.5128245
120 1633844586.5136611
120 1633844586.5137157
120 1633844587.5133991
120 1633844587.514527
120 1633844587.5180104
120 1633844587.5199666
120 1633844587.5203362
120 1633844587.520875
120 1633844587.75064
120 1633844587.7517474
120 1633844587.7518423
120 1633844587.7531643
120 1633844587.756308
120 1633844587.7573502
120 1633844587.7586224
120 1633844587.7639513
120 1633844587.8912294
120 1633844587.8922992
120 1633844587.8957675
120 1633844587.897579
120 1633844587.89772
120 1633844587.8985355
120 1633844588.7500982
120 1633844588.7513003
120 1633844588.7515988
120 1633844588.7529407
120 1633844588.7551255
120 1633844588.755999
120 1633844588.7573707
120 1633844588.7583187
120 1633844588.7768767
120 1633844588.7776966
120 1633844588.7820055
120 1633844588.7833264
120 1633844588.7840002
120 1633844588.7853308
120 1633844590.0305789
120 1633844590.0318477
120 1633844590.0320783
120 1633844590.03339
120 1633844590.0353107
120 1633844590.0362377
120 1633844590.0375545
120 1633844590.0393245
120 1633844590.2026474
120 1633844590.2037082
120 1633844590.207086
120 1633844590.2085292
120 1633844590.210067
120 1633844590.2110054
120 1633844592.2239296
120 1633844592.225291
120 1633844592.2297091
120 1633844592.2311027
120 1633844592.2316833
120 1633844592.2331111
120 1633844592.4947066
120 1633844592.4958675
120 1633844592.4999835
120 1633844592.5018384
120 1633844592.5028229
120 1633844592.5042295
120 1633844592.7972674
120 1633844592.7983363
120 1633844592.8016353
120 1633844592.8028076
120 1633844592.803671
120 1633844592.8052125
120 1633844593.4041152
120 1633844593.4052646
120 1633844593.408599
120 1633844593.4104984
120 1633844593.4113388
120 1633844593.4114428
120 1633844593.5782146
120 1633844593.5792303
120 1633844593.5826337
120 1633844593.5838065
120 1633844593.5845048
120 1633844593.585949
120 1633844593.6445596
120 1633844593.6455693
120 1633844593.6456985
120 1633844593.6465693
120 1633844593.6489909
120 1633844593.6499097
120 1633844593.6511977
120 1633844593.651871
120 1633844594.2447376
120 1633844594.246054
120 1633844594.2482376
120 1633844594.2502556
