120 1633844495.1273
120 1633844495.1415713
120 1633844495.1440282
120 1633844495.1462603
120 1633844495.1484702
120 1633844495.1529126
120 1633844495.1551228
120 1633844495.1595986
120 1633844495.4430528
120 1633844495.4444096
120 1633844495.4453847
120 1633844495.446579
120 1633844495.4487424
120 1633844495.4498436
120 1633844495.451616
120 1633844495.454282
120 1633844495.4564862
120 1633844495.4587164
120 1633844495.4609528
120 1633844495.4609663
120 1633844495.4631693
120 1633844495.4653752
120 1633844495.747532
120 1633844495.7486944
120 1633844495.7519772
120 1633844495.7540665
120 1633844495.7541962
120 1633844495.7553804
120 1633844495.8894517
120 1633844495.8905861
120 1633844495.8935308
120 1633844495.894913
120 1633844495.895611
120 1633844495.8970609
120 1633844496.8323236
120 1633844496.8335679
120 1633844496.833768
120 1633844496.8349202
120 1633844496.8369918
120 1633844496.8379326
120 1633844496.8404145
120 1633844496.841488
120 1633844497.171455
120 1633844497.172673
120 1633844497.1775436
120 1633844497.1796134
120 1633844497.1797314
120 1633844497.180953
120 1633844497.5024114
120 1633844497.5034416
120 1633844497.503687
120 1633844497.5046437
120 1633844497.5070784
120 1633844497.5080533
120 1633844497.510132
120 1633844497.5113213
120 1633844497.6551523
120 1633844497.6560154
120 1633844497.659389
120 1633844497.6611447
120 1633844497.661459
120 1633844497.6624787
120 1633844497.7950766
120 1633844497.796089
120 1633844497.798763
120 1633844497.8009253
120 1633844497.800983
120 1633844497.802048
120 1633844498.6835313
120 1633844498.6847975
120 1633844498.6888852
120 1633844498.6926575
120 1633844498.6930962
120 1633844498.6941118
120 1633844499.0451765
120 1633844499.0462873
120 1633844499.0486572
120 1633844499.0507112
120 1633844499.0517156
120 1633844499.0529864
120 1633844499.6619155
120 1633844499.663018
120 1633844499.663177
120 1633844499.6643953
120 1633844499.6666784
120 1633844499.6676724
120 1633844499.6698394
120 1633844499.6710815
120 1633844499.8622515
120 1633844499.8633769
120 1633844499.8636491
120 1633844499.8646011
120 1633844499.867129
120 1633844499.8681486
120 1633844499.8702207
120 1633844499.8716986
120 1633844499.8970406
120 1633844499.898017
120 1633844499.900717
120 1633844499.9018853
120 1633844499.9028513
120 1633844499.9045875
120 1633844500.7496672
120 1633844500.750931
120 1633844500.754087
120 1633844500.7562022
120 1633844500.7563324
120 1633844500.7572646
120 1633844501.432267
120 1633844501.4334314
120 1633844501.435607
120 1633844501.4376717
120 1633844501.4386928
120 1633844501.441474
120 1633844501.5622082
120 1633844501.563182
120 1633844501.5668633
120 1633844501.5690415
120 1633844501.5700376
120 1633844501.5926213
120 1633844501.6154568
120 1633844501.617787
120 1633844501.6209192
120 1633844501.6230228
120 1633844501.6231177
120 1633844501.6243165
120 1633844502.6976945
120 1633844502.6989872
120 1633844502.703632
120 1633844502.705416
120 1633844502.705756
120 1633844502.7062774
120 1633844503.6827416
120 1633844503.683851
120 1633844503.6840875
120 1633844503.6852524
120 1633844503.6871977
120 1633844503.6880624
120 1633844503.6899483
120 1633844503.6904335
120 1633844504.464114
120 1633844504.4654047
120 1633844504.4686494
120 1633844504.470145
120 1633844504.470801
120 1633844504.4722996
120 1633844504.5672412
120 1633844504.568304
120 1633844504.5716786
120 1633844504.573628
120 1633844504.5737526
120 1633844504.5750263
120 1633844505.3441896
120 1633844505.3455727
120 1633844505.349297
120 1633844505.351404
120 1633844505.351916
120 1633844505.3524506
120 1633844505.5114894
120 1633844505.512553
120 1633844505.5155373
120 1633844505.5176528
120 1633844505.5179029
120 1633844505.519037
120 1633844505.7723212
120 1633844505.7735035
120 1633844505.7767859
120 1633844505.778618
120 1633844505.7790532
120 1633844505.7800362
120 1633844506.799226
120 1633844506.8004365
120 1633844506.8037338
120 1633844506.8057983
120 1633844506.8061452
120 1633844506.807014
120 1633844507.1962762
120 1633844507.197445
120 1633844507.2044508
120 1633844507.2052367
120 1633844507.2063808
120 1633844507.2083373
120 1633844508.3074346
120 1633844508.3087142
120 1633844508.308832
120 1633844508.310295
120 1633844508.3123734
120 1633844508.3140695
120 1633844508.3155248
120 1633844508.3171678
120 1633844508.6058245
120 1633844508.6068375
120 1633844508.6071818
120 1633844508.608383
120 1633844508.610521
120 1633844508.611477
120 1633844508.6138299
120 1633844508.6150537
120 1633844508.973262
120 1633844508.9744382
120 1633844508.9768317
120 1633844508.9789505
120 1633844508.9800158
120 1633844508.9806848
120 1633844509.1084802
120 1633844509.109517
120 1633844509.1123614
120 1633844509.114312
120 1633844509.1144412
120 1633844509.1156855
120 1633844510.0915067
120 1633844510.0928013
120 1633844510.0931697
120 1633844510.094119
120 1633844510.0961826
120 1633844510.0971243
120 1633844510.1010246
120 1633844510.1025574
120 1633844511.4249897
120 1633844511.4261637
120 1633844511.429894
120 1633844511.4318979
120 1633844511.4322152
120 1633844511.4328237
120 1633844511.4787288
120 1633844511.479828
120 1633844511.4825568
120 1633844511.4846358
120 1633844511.484872
120 1633844511.4859362
120 1633844511.6781497
120 1633844511.679133
120 1633844511.6796765
120 1633844511.6804085
120 1633844511.6847289
120 1633844511.685677
120 1633844511.6870391
120 1633844511.6885686
120 1633844511.8118956
120 1633844511.8128574
120 1633844511.8131564
120 1633844511.8140473
120 1633844511.8162448
120 1633844511.8173032
120 1633844511.8198888
120 1633844511.8208401
120 1633844512.2019968
120 1633844512.2032855
120 1633844512.20687
120 1633844512.2089176
120 1633844512.2098985
120 1633844512.210009
120 1633844512.6014261
120 1633844512.6025786
120 1633844512.6056855
120 1633844512.6077538
120 1633844512.6078732
120 1633844512.6090593
120 1633844513.5521078
120 1633844513.5532951
120 1633844513.5571568
120 1633844513.5592449
120 1633844513.560187
120 1633844513.5609927
120 1633844513.70981
120 1633844513.71094
120 1633844513.7109716
120 1633844513.7121625
120 1633844513.7145176
120 1633844513.7154377
120 1633844513.7176244
120 1633844513.7189972
120 1633844513.7844422
120 1633844513.785425
120 1633844513.7887797
120 1633844513.790713
120 1633844513.7908988
120 1633844513.7916064
120 1633844514.2171507
120 1633844514.2184587
120 1633844514.2215037
120 1633844514.2234635
120 1633844514.2236085
120 1633844514.2245393
120 1633844514.7827554
120 1633844514.7840018
120 1633844514.7841735
120 1633844514.785216
120 1633844514.7876012
120 1633844514.7885733
120 1633844514.7908561
120 1633844514.7920043
120 1633844516.7006972
120 1633844516.701867
120 1633844516.7049332
120 1633844516.7070274
120 1633844516.7071502
120 1633844516.7083905
120 1633844517.3687017
120 1633844517.3699272
120 1633844517.373053
120 1633844517.375191
120 1633844517.3755965
120 1633844517.3761415
120 1633844518.1658375
120 1633844518.1670835
120 1633844518.170085
120 1633844518.1721225
120 1633844518.1724586
120 1633844518.1732712
120 1633844518.5438564
120 1633844518.5450442
120 1633844518.5481036
120 1633844518.5500393
120 1633844518.550143
120 1633844518.5510085
120 1633844519.7854543
120 1633844519.7869391
120 1633844519.790122
120 1633844519.7912674
120 1633844519.79215
120 1633844519.7937129
120 1633844520.3008332
120 1633844520.3021133
120 1633844520.3023381
120 1633844520.3035326
120 1633844520.3056233
120 1633844520.306582
120 1633844520.3085368
120 1633844520.309982
120 1633844520.5223608
120 1633844520.5235977
120 1633844520.5264173
120 1633844520.5275433
120 1633844520.5284517
120 1633844520.5301154
120 1633844520.557392
120 1633844520.5585034
120 1633844520.5586457
120 1633844520.559551
120 1633844520.5618367
120 1633844520.5628097
120 1633844520.5649483
120 1633844520.5661774
120 1633844521.49088
120 1633844521.4922328
120 1633844521.495474
120 1633844521.4974978
120 1633844521.4976046
120 1633844521.4983802
120 1633844521.7839239
120 1633844521.7850494
120 1633844521.7914915
120 1633844521.7935164
120 1633844521.7936218
120 1633844521.7949586
120 1633844522.0533576
120 1633844522.0544522
120 1633844522.0574334
120 1633844522.0594277
120 1633844522.0596256
120 1633844522.0603762
120 1633844522.9263365
120 1633844522.9276395
120 1633844522.9323847
120 1633844522.9329221
120 1633844522.9344263
120 1633844522.9380326
120 1633844523.5200424
120 1633844523.5212905
120 1633844523.5214589
120 1633844523.5228806
120 1633844523.5248723
120 1633844523.52585
120 1633844523.528003
120 1633844523.530461
120 1633844524.96373
120 1633844524.965603
120 1633844524.9679575
120 1633844524.9693706
120 1633844524.9745224
120 1633844524.976739
120 1633844524.9770722
120 1633844524.9800842
120 1633844526.1309936
120 1633844526.132292
120 1633844526.2095957
120 1633844526.2106495
120 1633844526.214469
120 1633844526.216501
120 1633844526.2174764
120 1633844526.2178369
120 1633844526.2189412
120 1633844526.2206805
120 1633844526.2208996
120 1633844526.221816
120 1633844526.5083795
120 1633844526.5095778
120 1633844526.509864
120 1633844526.5109062
120 1633844526.513112
120 1633844526.514057
120 1633844526.516143
120 1633844526.5175052
120 1633844527.0888224
120 1633844527.089966
120 1633844527.0932853
120 1633844527.095177
120 1633844527.0954053
120 1633844527.096574
120 1633844528.8792546
120 1633844528.8804526
120 1633844528.883521
120 1633844528.8856406
120 1633844528.8856747
120 1633844528.8877504
120 1633844530.077153
120 1633844530.0783434
120 1633844530.0784855
120 1633844530.0791256
120 1633844530.0804174
120 1633844530.0814238
120 1633844530.0834017
120 1633844530.0836616
120 1633844530.0845003
120 1633844530.0855339
120 1633844530.0870762
120 1633844530.0872056
120 1633844530.087978
120 1633844530.0896444
120 1633844531.332496
120 1633844531.3336153
120 1633844531.3338125
120 1633844531.335031
120 1633844531.3371282
120 1633844531.33808
120 1633844531.3403938
120 1633844531.3415458
120 1633844532.3273308
120 1633844532.3285456
120 1633844532.3305376
120 1633844532.3327482
120 1633844532.3337355
120 1633844532.3337598
120 1633844532.3501422
120 1633844532.3510594
120 1633844532.3553708
120 1633844532.357265
120 1633844532.357529
120 1633844532.3587577
120 1633844532.6494937
120 1633844532.650756
120 1633844532.6508853
120 1633844532.6520884
120 1633844532.6541378
120 1633844532.6552384
120 1633844532.6562629
120 1633844532.658621
120 1633844532.823114
120 1633844532.8241482
120 1633844532.8274143
120 1633844532.8295631
120 1633844532.8296735
120 1633844532.8308442
120 1633844533.0912616
120 1633844533.0923347
120 1633844533.095163
120 1633844533.097345
120 1633844533.097476
120 1633844533.0983279
120 1633844533.4457357
120 1633844533.4467778
120 1633844533.447152
120 1633844533.447968
120 1633844533.450371
120 1633844533.4514444
120 1633844533.4537878
120 1633844533.4549246
120 1633844533.8511212
120 1633844533.8522115
120 1633844533.8555386
120 1633844533.857434
120 1633844533.8584015
120 1633844533.8598285
120 1633844535.4492877
120 1633844535.4504914
120 1633844535.450757
120 1633844535.451981
120 1633844535.4540184
120 1633844535.4551485
120 1633844535.4560878
120 1633844535.4587245
120 1633844535.8415134
120 1633844535.8426225
120 1633844535.8450556
120 1633844535.8469353
120 1633844535.847813
120 1633844535.8488193
120 1633844536.4057913
120 1633844536.4069395
120 1633844536.4090922
120 1633844536.4110248
120 1633844536.4121945
120 1633844536.413435
120 1633844536.4451082
120 1633844536.4460409
120 1633844536.4490767
120 1633844536.4505942
120 1633844536.4511077
120 1633844536.4526367
120 1633844537.1044815
120 1633844537.1056123
120 1633844537.108003
120 1633844537.110148
120 1633844537.1111183
120 1633844537.1127126
120 1633844537.2016196
120 1633844537.2025838
120 1633844537.205118
120 1633844537.2071729
120 1633844537.2075686
120 1633844537.208373
120 1633844537.5241926
120 1633844537.5254145
120 1633844537.527471
120 1633844537.5296204
120 1633844537.5305858
120 1633844537.532743
120 1633844537.7866051
120 1633844537.7879202
120 1633844537.791367
120 1633844537.7930114
120 1633844537.7933714
120 1633844537.794474
120 1633844538.4913087
120 1633844538.4925327
120 1633844538.4957435
120 1633844538.4978395
120 1633844538.4978857
120 1633844538.499208
120 1633844538.6449788
120 1633844538.6460588
120 1633844538.6462114
120 1633844538.647323
120 1633844538.6497762
120 1633844538.650763
120 1633844538.6526523
120 1633844538.6530743
120 1633844538.8014536
120 1633844538.802476
120 1633844538.8027978
120 1633844538.8036695
120 1633844538.8062034
120 1633844538.8072069
120 1633844538.8098261
120 1633844538.8109076
120 1633844538.9470067
120 1633844538.94819
120 1633844538.952747
120 1633844538.9537323
120 1633844538.9548845
120 1633844538.9564414
120 1633844539.4994314
120 1633844539.5006623
120 1633844539.500797
120 1633844539.5018017
120 1633844539.5046582
120 1633844539.5055435
120 1633844539.5068388
120 1633844539.5086248
120 1633844539.706021
120 1633844539.7070553
120 1633844539.7101157
120 1633844539.7126818
120 1633844539.7128906
120 1633844539.7141223
120 1633844541.3542705
120 1633844541.3554718
120 1633844541.3557265
120 1633844541.3568134
120 1633844541.3590288
120 1633844541.3600185
120 1633844541.3620389
120 1633844541.3641732
120 1633844541.4761593
120 1633844541.477323
120 1633844541.477436
120 1633844541.4786727
120 1633844541.480913
120 1633844541.481823
120 1633844541.4838512
120 1633844541.4852548
120 1633844544.2239897
120 1633844544.225275
120 1633844544.2256444
120 1633844544.226547
120 1633844544.229126
120 1633844544.2301438
120 1633844544.232263
120 1633844544.2371285
120 1633844544.3222206
120 1633844544.3231845
120 1633844544.3237953
120 1633844544.3244805
120 1633844544.3261995
120 1633844544.3271644
120 1633844544.329395
120 1633844544.330434
120 1633844544.582422
120 1633844544.5835338
120 1633844544.586674
120 1633844544.5885766
120 1633844544.59068
120 1633844544.5922742
120 1633844546.1738763
120 1633844546.175067
120 1633844546.1752899
120 1633844546.176498
120 1633844546.178678
120 1633844546.1797462
120 1633844546.1817353
120 1633844546.1833506
120 1633844548.0502775
120 1633844548.0514746
120 1633844548.0547473
120 1633844548.0566876
120 1633844548.0568793
120 1633844548.0579348
120 1633844549.4174654
120 1633844549.4187324
120 1633844549.4238114
120 1633844549.4257646
120 1633844549.4260046
120 1633844549.427072
120 1633844549.6770968
120 1633844549.6781893
120 1633844549.681149
120 1633844549.682736
120 1633844549.683215
120 1633844549.6847534
120 1633844549.7725472
120 1633844549.7735345
120 1633844549.778241
120 1633844549.7803771
120 1633844549.7804976
120 1633844549.7817097
120 1633844549.9202714
120 1633844549.921288
120 1633844549.9247303
120 1633844549.9265428
120 1633844549.9269903
120 1633844549.928465
120 1633844550.3957765
120 1633844550.397056
120 1633844550.3973026
120 1633844550.3983982
120 1633844550.4007087
120 1633844550.4015577
120 1633844550.403929
120 1633844550.4051135
120 1633844550.5487294
120 1633844550.5496686
120 1633844550.5519748
120 1633844550.554179
120 1633844550.555158
120 1633844550.5574484
120 1633844551.6956007
120 1633844551.696897
120 1633844551.7011507
120 1633844551.7028253
120 1633844551.7032647
120 1633844551.7048275
120 1633844551.727268
120 1633844551.7283404
120 1633844551.7313428
120 1633844551.7332125
120 1633844551.7334993
120 1633844551.7346575
120 1633844552.2753055
120 1633844552.2763276
120 1633844552.2765794
120 1633844552.2776127
120 1633844552.2798908
120 1633844552.2809296
120 1633844552.2832108
120 1633844552.2844458
120 1633844552.4388366
120 1633844552.4398124
120 1633844552.4432368
120 1633844552.4452455
120 1633844552.4455783
120 1633844552.4465482
120 1633844553.9563413
120 1633844553.957457
120 1633844553.9607399
120 1633844553.9626386
120 1633844553.9627645
120 1633844553.9657764
120 1633844554.065798
120 1633844554.066872
120 1633844554.0670762
120 1633844554.0680463
120 1633844554.0701358
120 1633844554.0711071
120 1633844554.073611
120 1633844554.07465
120 1633844554.2981517
120 1633844554.2992797
120 1633844554.30246
120 1633844554.3042233
120 1633844554.304541
120 1633844554.3060536
120 1633844554.3148181
120 1633844554.3159273
120 1633844554.3201141
120 1633844554.3218014
120 1633844554.322426
120 1633844554.3241305
120 1633844554.719159
120 1633844554.720301
120 1633844554.723159
120 1633844554.7241178
120 1633844554.725046
120 1633844554.7266374
120 1633844554.768374
120 1633844554.7693455
120 1633844554.769527
120 1633844554.770347
120 1633844554.7727568
120 1633844554.7739084
120 1633844554.7756817
120 1633844554.7771327
120 1633844554.8112655
120 1633844554.8122354
120 1633844554.8124876
120 1633844554.813456
120 1633844554.81541
120 1633844554.816367
120 1633844554.818712
120 1633844554.819838
120 1633844556.018722
120 1633844556.0200098
120 1633844556.023186
120 1633844556.0252361
120 1633844556.0255427
120 1633844556.0262277
120 1633844556.1048555
120 1633844556.10573
120 1633844556.1059673
120 1633844556.1068285
120 1633844556.1091805
120 1633844556.1101284
120 1633844556.1124525
120 1633844556.1135805
120 1633844556.3972087
120 1633844556.3983092
120 1633844556.3986547
120 1633844556.3995607
120 1633844556.4017274
120 1633844556.402805
120 1633844556.4047585
120 1633844556.406146
120 1633844556.5743515
120 1633844556.5755157
120 1633844556.5756445
120 1633844556.5771308
120 1633844556.5790617
120 1633844556.5800362
120 1633844556.5822651
120 1633844556.5835865
120 1633844557.9362266
120 1633844557.9375567
120 1633844557.9410443
120 1633844557.943041
120 1633844557.9431188
120 1633844557.9442296
120 1633844558.9417405
120 1633844558.9428537
120 1633844558.9431114
120 1633844558.9441247
120 1633844558.9463456
120 1633844558.947285
120 1633844558.9492354
120 1633844558.950668
120 1633844559.7540836
120 1633844559.7552624
120 1633844559.755615
120 1633844559.756674
120 1633844559.7587202
120 1633844559.7598608
120 1633844559.76349
120 1633844559.7645636
120 1633844560.2435277
120 1633844560.2446601
120 1633844560.244924
120 1633844560.2462199
120 1633844560.248128
120 1633844560.2490761
120 1633844560.251063
120 1633844560.2517273
120 1633844560.8445368
120 1633844560.8458366
120 1633844560.8480735
120 1633844560.8500519
120 1633844560.8509955
120 1633844560.8511968
120 1633844561.4672086
120 1633844561.4684293
120 1633844561.4713602
120 1633844561.4730847
120 1633844561.4733067
120 1633844561.4744864
120 1633844562.387229
120 1633844562.3883426
120 1633844562.3887095
120 1633844562.3896017
120 1633844562.3918781
120 1633844562.3927565
120 1633844562.3947139
120 1633844562.3948324
120 1633844563.3805194
120 1633844563.3815231
120 1633844563.3820333
120 1633844563.382948
120 1633844563.3872254
120 1633844563.3882744
120 1633844563.3894143
120 1633844563.3912275
120 1633844564.6774626
120 1633844564.6786425
120 1633844564.6813743
120 1633844564.6833348
120 1633844564.6836019
120 1633844564.684511
120 1633844565.3171403
120 1633844565.318293
120 1633844565.3226004
120 1633844565.3246615
120 1633844565.3250608
120 1633844565.3256924
120 1633844565.5289397
120 1633844565.5301466
120 1633844565.5349126
120 1633844565.536105
120 1633844565.5369143
120 1633844565.5382855
120 1633844565.5637312
120 1633844565.5647585
120 1633844565.56777
120 1633844565.5696998
120 1633844565.5699086
120 1633844565.571127
120 1633844566.8204513
120 1633844566.8217027
120 1633844566.8257477
120 1633844566.8278344
120 1633844566.828035
120 1633844566.8288732
120 1633844567.1313844
120 1633844567.132452
120 1633844567.1354473
120 1633844567.1375723
120 1633844567.137706
120 1633844567.1387753
120 1633844567.7974803
120 1633844567.7985988
120 1633844567.7988737
120 1633844567.799981
120 1633844567.8020778
120 1633844567.80345
120 1633844567.8074067
120 1633844567.8091073
120 1633844567.953589
120 1633844567.9548314
120 1633844567.9580705
120 1633844567.9598455
120 1633844567.960057
120 1633844567.9608567
120 1633844568.6352365
120 1633844568.6363196
120 1633844568.639458
120 1633844568.64142
120 1633844568.641629
120 1633844568.642378
120 1633844568.9021473
120 1633844568.903267
120 1633844568.906524
120 1633844568.908528
120 1633844568.908652
120 1633844568.9094565
120 1633844569.1890502
120 1633844569.1902354
120 1633844569.1902962
120 1633844569.1916814
120 1633844569.1939018
120 1633844569.194911
120 1633844569.19694
120 1633844569.198234
120 1633844569.3702424
120 1633844569.3713968
120 1633844569.371724
120 1633844569.3727007
120 1633844569.3748717
120 1633844569.375823
120 1633844569.3781648
120 1633844569.37947
120 1633844569.7220483
120 1633844569.7231386
120 1633844569.7262304
120 1633844569.7281895
120 1633844569.7284124
120 1633844569.7295125
120 1633844570.0185277
120 1633844570.01959
120 1633844570.022976
120 1633844570.024223
120 1633844570.024868
120 1633844570.0265577
120 1633844571.0974221
120 1633844571.098586
120 1633844571.1008255
120 1633844571.103016
120 1633844571.104211
120 1633844571.1048598
120 1633844572.0520809
120 1633844572.053282
120 1633844572.0574224
120 1633844572.0597064
120 1633844572.0616133
120 1633844572.0634985
120 1633844572.4549134
120 1633844572.4558957
120 1633844572.4562397
120 1633844572.457219
120 1633844572.4596677
120 1633844572.46045
120 1633844572.4626179
120 1633844572.4645436
120 1633844574.191312
120 1633844574.192315
120 1633844574.1926444
120 1633844574.1936164
120 1633844574.1958492
120 1633844574.1967416
120 1633844574.1989121
120 1633844574.2004354
120 1633844575.113324
120 1633844575.1143367
120 1633844575.119096
120 1633844575.1209724
120 1633844575.1219208
120 1633844575.1232593
120 1633844575.2029486
120 1633844575.2038865
120 1633844575.2042358
120 1633844575.2049673
120 1633844575.2069187
120 1633844575.2078836
120 1633844575.210693
120 1633844575.2117915
120 1633844576.4073093
120 1633844576.40843
120 1633844576.4131238
120 1633844576.4149373
120 1633844576.4151525
120 1633844576.415885
120 1633844576.7887514
120 1633844576.7898667
120 1633844576.79012
120 1633844576.791199
120 1633844576.7932372
120 1633844576.7941077
120 1633844576.795564
120 1633844576.7970452
120 1633844576.8489933
120 1633844576.8498578
120 1633844576.855186
120 1633844576.8572328
120 1633844576.8572989
120 1633844576.8582435
120 1633844578.0188396
120 1633844578.0201976
120 1633844578.0236726
120 1633844578.0255964
120 1633844578.0258238
120 1633844578.027034
120 1633844578.591227
120 1633844578.5922816
120 1633844578.5954552
120 1633844578.5968506
120 1633844578.5974865
120 1633844578.5989625
120 1633844579.3913465
120 1633844579.3924062
120 1633844579.3925965
120 1633844579.3967018
120 1633844579.3986337
120 1633844579.3997688
120 1633844579.402646
120 1633844579.4029663
120 1633844580.0115714
120 1633844580.0127923
120 1633844580.0160284
120 1633844580.01815
120 1633844580.0182617
120 1633844580.0191545
120 1633844580.0281737
120 1633844580.0291953
120 1633844580.032191
120 1633844580.0339303
120 1633844580.034144
120 1633844580.035369
120 1633844580.4571593
120 1633844580.4583955
120 1633844580.4617321
120 1633844580.463142
120 1633844580.463635
120 1633844580.465345
120 1633844581.2013733
120 1633844581.2026205
120 1633844581.205831
120 1633844581.207748
120 1633844581.2079418
120 1633844581.2088356
120 1633844582.1678436
120 1633844582.1690383
120 1633844582.169247
120 1633844582.1706152
120 1633844582.1725845
120 1633844582.1735985
120 1633844582.1755443
120 1633844582.1774251
120 1633844583.2788115
120 1633844583.2799835
120 1633844583.2829576
120 1633844583.2849047
120 1633844583.285017
120 1633844583.2859108
120 1633844583.5642207
120 1633844583.565414
120 1633844583.5655704
120 1633844583.5669591
120 1633844583.569123
120 1633844583.5700552
120 1633844583.5724869
120 1633844583.5736752
120 1633844583.9665246
120 1633844583.967595
120 1633844583.970479
120 1633844583.972533
120 1633844583.972638
120 1633844583.9739172
120 1633844584.836841
120 1633844584.8381565
120 1633844584.8428566
120 1633844584.845005
120 1633844584.845118
120 1633844584.846061
120 1633844585.5541077
120 1633844585.5553985
120 1633844585.5602345
120 1633844585.5623987
120 1633844585.5625293
120 1633844585.563394
120 1633844586.506462
120 1633844586.5076225
120 1633844586.5112915
120 1633844586.5135424
120 1633844586.5137448
120 1633844586.5145636
120 1633844587.5121248
120 1633844587.5132408
120 1633844587.51353
120 1633844587.5146155
120 1633844587.5168338
120 1633844587.5179417
120 1633844587.5192924
120 1633844587.520912
120 1633844587.7518787
120 1633844587.7531114
120 1633844587.7574127
120 1633844587.7595904
120 1633844587.7616546
120 1633844587.7638927
120 1633844587.889886
120 1633844587.8910859
120 1633844587.8911812
120 1633844587.892337
120 1633844587.8947034
120 1633844587.8956506
120 1633844587.8986099
120 1633844587.898838
120 1633844588.7514634
120 1633844588.7527428
120 1633844588.7560391
120 1633844588.7582524
120 1633844588.7583802
120 1633844588.7591932
120 1633844588.776799
120 1633844588.7777302
120 1633844588.7777705
120 1633844588.7789218
120 1633844588.780957
120 1633844588.781933
120 1633844588.784211
120 1633844588.785359
120 1633844590.0319765
120 1633844590.0333202
120 1633844590.0362682
120 1633844590.0382142
120 1633844590.0386002
120 1633844590.039247
120 1633844590.2012856
120 1633844590.2024744
120 1633844590.2025008
120 1633844590.2037401
120 1633844590.205938
120 1633844590.2069912
120 1633844590.2094316
120 1633844590.2110443
120 1633844592.223788
120 1633844592.2250834
120 1633844592.2253895
120 1633844592.2263956
120 1633844592.2286963
120 1633844592.2296424
120 1633844592.2325106
120 1633844592.2331436
120 1633844592.4959178
120 1633844592.496944
120 1633844592.50101
120 1633844592.5028822
120 1633844592.5031114
120 1633844592.5041616
120 1633844592.7960641
120 1633844592.797091
120 1633844592.7975316
120 1633844592.7983654
120 1633844592.800491
120 1633844592.8015676
120 1633844592.8039465
120 1633844592.8052468
120 1633844593.4051712
120 1633844593.406465
120 1633844593.409295
120 1633844593.4112554
120 1633844593.4114132
120 1633844593.412229
120 1633844593.5771654
120 1633844593.5780895
120 1633844593.5784187
120 1633844593.5792704
120 1633844593.5816402
120 1633844593.5825646
120 1633844593.5848582
120 1633844593.5859773
120 1633844593.6456356
120 1633844593.6465096
120 1633844593.6499474
120 1633844593.6518028
120 1633844593.6523921
120 1633844593.652692
120 1633844594.244563
120 1633844594.246086
120 1633844594.2481523
120 1633844594.250283
