104 1633657516.2915251
104 1633657516.3006518
104 1633657516.3058314
104 1633657516.3072052
104 1633657516.3089273
104 1633657516.3116767
104 1633657516.3131244
104 1633657516.3195372
104 1633657516.3225946
104 1633657516.323925
104 1633657516.3263564
104 1633657516.3321805
104 1633657516.334171
104 1633657516.3355513
104 1633657516.3363006
104 1633657516.3430657
104 1633657516.3436077
104 1633657516.344282
104 1633657516.3450563
104 1633657516.3457153
104 1633657516.346716
104 1633657516.3477523
104 1633657516.3506033
104 1633657516.3522851
104 1633657517.2897167
104 1633657517.2955308
104 1633657517.2985053
104 1633657517.2987053
104 1633657517.3027933
104 1633657517.3049397
104 1633657517.3120658
104 1633657517.316214
104 1633657517.3213654
104 1633657517.324587
104 1633657517.322964
104 1633657517.3257313
104 1633657517.3272955
104 1633657517.3280275
104 1633657517.3281252
104 1633657517.3292935
104 1633657517.3309653
104 1633657517.3338053
104 1633657517.3347652
104 1633657517.336488
104 1633657517.33751
104 1633657517.3389726
104 1633657517.3406866
104 1633657517.3417902
104 1633657518.0491536
104 1633657518.0501497
104 1633657518.0503092
104 1633657518.052904
104 1633657518.0538273
104 1633657518.0543685
104 1633657518.0557053
104 1633657518.057029
104 1633657522.0410242
104 1633657522.046151
104 1633657522.0485816
104 1633657522.051512
104 1633657522.0551152
104 1633657522.0606022
104 1633657522.063728
104 1633657522.067148
104 1633657522.2627654
104 1633657522.265501
104 1633657522.2662408
104 1633657522.2687376
104 1633657522.271682
104 1633657522.2741852
104 1633657522.2781978
104 1633657522.2801309
104 1633657523.2673123
104 1633657523.268508
104 1633657523.2686071
104 1633657523.269915
104 1633657523.2706785
104 1633657523.271816
104 1633657523.2758858
104 1633657523.2759228
104 1633657525.7234104
104 1633657525.7241259
104 1633657525.7256095
104 1633657525.7263231
104 1633657525.7268727
104 1633657525.7280946
104 1633657526.106576
104 1633657526.1076148
104 1633657526.1107764
104 1633657526.1123595
104 1633657526.1130767
104 1633657526.1136796
104 1633657526.9633203
104 1633657526.9668922
104 1633657526.9686472
104 1633657526.9720013
104 1633657526.9773765
104 1633657526.9805634
104 1633657526.9843118
104 1633657526.9864492
104 1633657527.977534
104 1633657527.9789464
104 1633657527.9816206
104 1633657527.9826076
104 1633657527.9830651
104 1633657527.9842472
104 1633657528.4345248
104 1633657528.4371707
104 1633657528.4428754
104 1633657528.4472072
104 1633657528.4499316
104 1633657528.4556868
104 1633657528.557682
104 1633657528.5584397
104 1633657528.5609608
104 1633657528.5621736
104 1633657528.5629082
104 1633657528.563353
104 1633657528.9018028
104 1633657528.902863
104 1633657528.90541
104 1633657528.906813
104 1633657528.9077432
104 1633657528.9107213
104 1633657529.1092324
104 1633657529.1100147
104 1633657529.111013
104 1633657529.1124089
104 1633657529.1131027
104 1633657529.1139798
104 1633657529.9185474
104 1633657529.9192276
104 1633657529.9210787
104 1633657529.922428
104 1633657529.923609
104 1633657529.9244642
104 1633657530.8922694
104 1633657530.8940134
104 1633657530.897384
104 1633657530.9000998
104 1633657530.9023657
104 1633657530.9040117
104 1633657531.9462998
104 1633657531.9493885
104 1633657531.9497066
104 1633657531.9518304
104 1633657531.9543152
104 1633657531.9567828
104 1633657531.963122
104 1633657531.9650416
104 1633657532.1666992
104 1633657532.1687279
104 1633657532.1706495
104 1633657532.1732242
104 1633657532.1755016
104 1633657532.177867
104 1633657533.0693622
104 1633657533.072144
104 1633657533.072504
104 1633657533.0757296
104 1633657533.0768566
104 1633657533.0777078
104 1633657533.0794802
104 1633657533.0811791
104 1633657533.647394
104 1633657533.6487045
104 1633657533.6518059
104 1633657533.6565742
104 1633657533.658416
104 1633657533.6596956
104 1633657534.4413173
104 1633657534.4444325
104 1633657534.445506
104 1633657534.4489183
104 1633657534.4515839
104 1633657534.4541368
104 1633657534.4655905
104 1633657534.4660435
104 1633657534.566327
104 1633657534.5682538
104 1633657534.571041
104 1633657534.5738714
104 1633657534.576128
104 1633657534.5768745
104 1633657535.691781
104 1633657535.6924357
104 1633657535.695053
104 1633657535.6950781
104 1633657535.697045
104 1633657535.697577
104 1633657536.3239644
104 1633657536.3255367
104 1633657536.3257313
104 1633657536.3279076
104 1633657536.3297791
104 1633657536.3313785
104 1633657536.3361127
104 1633657536.3382928
104 1633657536.5574307
104 1633657536.5601144
104 1633657536.5655615
104 1633657536.5702384
104 1633657536.5713387
104 1633657536.5723848
104 1633657536.8895369
104 1633657536.8901896
104 1633657536.8920608
104 1633657536.8934646
104 1633657536.894237
104 1633657536.896766
104 1633657536.9704452
104 1633657536.9742987
104 1633657536.9785624
104 1633657536.979505
104 1633657536.9807086
104 1633657536.9820783
104 1633657537.2322888
104 1633657537.2329137
104 1633657537.2342415
104 1633657537.2356384
104 1633657537.238347
104 1633657537.2395241
104 1633657540.0531127
104 1633657540.0544105
104 1633657540.0559397
104 1633657540.0571065
104 1633657540.0586393
104 1633657540.059094
104 1633657540.0614116
104 1633657540.0620646
104 1633657540.1211522
104 1633657540.1219847
104 1633657540.1240408
104 1633657540.126151
104 1633657540.1268837
104 1633657540.1274798
104 1633657541.2089822
104 1633657541.2128026
104 1633657541.2208617
104 1633657541.2336183
104 1633657541.2350416
104 1633657541.2362337
104 1633657541.6609528
104 1633657541.664383
104 1633657541.6656003
104 1633657541.6677413
104 1633657541.6713934
104 1633657541.6748044
104 1633657541.6819682
104 1633657541.682487
104 1633657543.9433234
104 1633657543.946522
104 1633657543.9475107
104 1633657543.9512799
104 1633657543.9535992
104 1633657543.956005
104 1633657543.9649663
104 1633657543.9676733
104 1633657544.7084599
104 1633657544.7113774
104 1633657544.717293
104 1633657544.7255702
104 1633657544.7283344
104 1633657544.7308068
104 1633657545.0776048
104 1633657545.0789466
104 1633657545.080882
104 1633657545.083274
104 1633657545.083853
104 1633657545.086436
104 1633657545.344813
104 1633657545.3472643
104 1633657545.3592649
104 1633657545.3635433
104 1633657545.3654146
104 1633657545.372155
104 1633657545.8763695
104 1633657545.8791187
104 1633657545.8796327
104 1633657545.8827846
104 1633657545.8852127
104 1633657545.8877916
104 1633657545.8964372
104 1633657545.8999991
104 1633657546.000241
104 1633657546.0011916
104 1633657546.0034997
104 1633657546.009039
104 1633657546.0101638
104 1633657546.0128949
104 1633657546.6012013
104 1633657546.6046674
104 1633657546.6096795
104 1633657546.6264348
104 1633657546.6294222
104 1633657546.6320148
104 1633657547.0352516
104 1633657547.038428
104 1633657547.0385728
104 1633657547.0419242
104 1633657547.0451562
104 1633657547.048854
104 1633657547.060968
104 1633657547.0635743
104 1633657547.1265988
104 1633657547.128271
104 1633657547.1347728
104 1633657547.13796
104 1633657547.139124
104 1633657547.142205
104 1633657547.5420723
104 1633657547.5445838
104 1633657547.5527444
104 1633657547.5570772
104 1633657547.5615082
104 1633657547.5643423
104 1633657547.780698
104 1633657547.7833138
104 1633657547.789804
104 1633657547.800205
104 1633657547.8013656
104 1633657547.8028839
104 1633657548.3909094
104 1633657548.3948398
104 1633657548.395113
104 1633657548.397795
104 1633657548.4001148
104 1633657548.4055011
104 1633657548.415044
104 1633657548.4160993
104 1633657549.6610155
104 1633657549.6619484
104 1633657549.662319
104 1633657549.6632416
104 1633657549.6639578
104 1633657549.6646478
104 1633657549.6684203
104 1633657549.6692111
104 1633657549.805917
104 1633657549.8109188
104 1633657549.8159895
104 1633657549.8194144
104 1633657549.8220334
104 1633657549.8282368
104 1633657550.5392597
104 1633657550.542463
104 1633657550.5493658
104 1633657550.554196
104 1633657550.5568838
104 1633657550.5601828
104 1633657550.841513
104 1633657550.8465724
104 1633657550.84774
104 1633657550.8585048
104 1633657550.8638325
104 1633657550.8703418
104 1633657550.8874006
104 1633657550.8952014
104 1633657551.1063168
104 1633657551.1103787
104 1633657551.1201582
104 1633657551.131168
104 1633657551.1331406
104 1633657551.1353161
104 1633657551.344211
104 1633657551.3471243
104 1633657551.357246
104 1633657551.3709388
104 1633657551.373428
104 1633657551.3755877
104 1633657551.9460845
104 1633657551.948981
104 1633657551.9518373
104 1633657551.9553757
104 1633657551.9596303
104 1633657551.9628658
104 1633657551.9657004
104 1633657551.967939
104 1633657551.983683
104 1633657551.9848564
104 1633657551.9849055
104 1633657551.986892
104 1633657553.1205993
104 1633657553.1229043
104 1633657553.1288524
104 1633657553.1392894
104 1633657553.1396327
104 1633657553.142066
104 1633657553.8258421
104 1633657553.8289368
104 1633657553.8291013
104 1633657553.8317573
104 1633657553.8361225
104 1633657553.8400345
104 1633657553.84277
104 1633657553.8459756
104 1633657554.4400084
104 1633657554.4440525
104 1633657554.453296
104 1633657554.4665408
104 1633657554.4679124
104 1633657554.468961
104 1633657554.4883587
104 1633657554.4896133
104 1633657554.493353
104 1633657554.49584
104 1633657554.4967775
104 1633657554.4978418
104 1633657554.8704236
104 1633657554.8716774
104 1633657554.8743894
104 1633657554.8795779
104 1633657554.8818917
104 1633657554.8878348
104 1633657554.9004636
104 1633657554.9025967
104 1633657554.9052296
104 1633657554.9141579
104 1633657554.9155338
104 1633657554.9157388
104 1633657554.9200141
104 1633657554.9206142
104 1633657554.9213686
104 1633657554.9228613
104 1633657554.9234254
104 1633657554.9248981
104 1633657555.6275406
104 1633657555.6310942
104 1633657555.63807
104 1633657555.6441593
104 1633657555.6470199
104 1633657555.657336
104 1633657556.4319513
104 1633657556.435515
104 1633657556.4426234
104 1633657556.450414
104 1633657556.4520218
104 1633657556.4533908
104 1633657557.4685287
104 1633657557.4710605
104 1633657557.4773653
104 1633657557.4827673
104 1633657557.4853184
104 1633657557.4928722
104 1633657557.9458842
104 1633657557.948756
104 1633657557.949361
104 1633657557.9527414
104 1633657557.9559755
104 1633657557.9598954
104 1633657557.9724581
104 1633657557.9753249
104 1633657558.7291794
104 1633657558.7317183
104 1633657558.7318559
104 1633657558.7346742
104 1633657558.7371042
104 1633657558.7390006
104 1633657558.7420151
104 1633657558.7537377
104 1633657558.9145844
104 1633657558.9173703
104 1633657558.9179714
104 1633657558.921104
104 1633657558.9238386
104 1633657558.9268842
104 1633657558.9324338
104 1633657558.9361007
104 1633657559.0459979
104 1633657559.0488045
104 1633657559.049518
104 1633657559.0517464
104 1633657559.056007
104 1633657559.0607467
104 1633657559.0777225
104 1633657559.0808637
104 1633657559.1598344
104 1633657559.1621976
104 1633657559.1625874
104 1633657559.166266
104 1633657559.168635
104 1633657559.1750839
104 1633657559.1810985
104 1633657559.1968193
104 1633657560.6945376
104 1633657560.69678
104 1633657560.702581
104 1633657560.7115464
104 1633657560.712741
104 1633657560.7143798
104 1633657560.96085
104 1633657560.9624364
104 1633657560.9627507
104 1633657560.9640508
104 1633657560.9657576
104 1633657560.9684212
104 1633657560.9754336
104 1633657560.9769003
104 1633657561.0631697
104 1633657561.0639172
104 1633657561.0665247
104 1633657561.0694187
104 1633657561.0704699
104 1633657561.0716834
104 1633657562.4154558
104 1633657562.4195788
104 1633657562.4265423
104 1633657562.4347453
104 1633657562.4391165
104 1633657562.4394805
104 1633657562.7522752
104 1633657562.7564785
104 1633657562.759138
104 1633657562.7683346
104 1633657562.7703626
104 1633657562.7728753
104 1633657562.7761495
104 1633657562.7785804
104 1633657562.7807138
104 1633657562.781773
104 1633657562.7839072
104 1633657562.7877955
104 1633657563.169715
104 1633657563.1737483
104 1633657563.1871002
104 1633657563.1975636
104 1633657563.1993995
104 1633657563.1996431
104 1633657563.2984989
104 1633657563.300916
104 1633657563.3058155
104 1633657563.309483
104 1633657563.3106406
104 1633657563.311984
104 1633657563.4956741
104 1633657563.4989803
104 1633657563.5076993
104 1633657563.5174227
104 1633657563.5191534
104 1633657563.5217214
104 1633657563.6579227
104 1633657563.6622772
104 1633657563.66293
104 1633657563.6670458
104 1633657563.6700523
104 1633657563.6758857
104 1633657563.6884296
104 1633657563.6923506
104 1633657565.597925
104 1633657565.602837
104 1633657565.6065526
104 1633657565.6260912
104 1633657565.626723
104 1633657565.6279175
104 1633657565.793007
104 1633657565.7955258
104 1633657565.7962084
104 1633657565.8002958
104 1633657565.8030193
104 1633657565.8096287
104 1633657565.8173435
104 1633657565.8232129
104 1633657565.9730184
104 1633657565.974926
104 1633657565.981063
104 1633657565.986135
104 1633657565.9875615
104 1633657565.9892278
104 1633657566.6461298
104 1633657566.6490178
104 1633657566.6552987
104 1633657566.664355
104 1633657566.6675334
104 1633657566.6736398
104 1633657566.9817686
104 1633657566.9845033
104 1633657566.9880805
104 1633657566.9938211
104 1633657566.9973712
104 1633657566.9982426
104 1633657567.0298939
104 1633657567.0314484
104 1633657567.0350654
104 1633657567.0450983
104 1633657567.046698
104 1633657567.0481033
104 1633657567.1115007
104 1633657567.114344
104 1633657567.1210809
104 1633657567.1245797
104 1633657567.1258526
104 1633657567.128072
104 1633657567.2587411
104 1633657567.260605
104 1633657567.260778
104 1633657567.2628179
104 1633657567.2644646
104 1633657567.2681038
104 1633657567.2722497
104 1633657567.2742484
104 1633657567.5696836
104 1633657567.5727236
104 1633657567.5733695
104 1633657567.5758362
104 1633657567.5784805
104 1633657567.5828817
104 1633657567.5838277
104 1633657567.5958734
104 1633657569.816313
104 1633657569.818007
104 1633657569.8268666
104 1633657569.833173
104 1633657569.835435
104 1633657569.8371863
104 1633657570.2257204
104 1633657570.2273488
104 1633657570.230255
104 1633657570.232954
104 1633657570.2347054
104 1633657570.2363524
104 1633657570.604584
104 1633657570.6077228
104 1633657570.608081
104 1633657570.613225
104 1633657570.6175013
104 1633657570.620043
104 1633657570.6287427
104 1633657570.6341515
104 1633657572.1844442
104 1633657572.1879146
104 1633657572.1895127
104 1633657572.198669
104 1633657572.2019954
104 1633657572.2079594
104 1633657572.2201664
104 1633657572.2225409
104 1633657572.5724785
104 1633657572.5735488
104 1633657572.5737975
104 1633657572.5747163
104 1633657572.5753121
104 1633657572.5759149
104 1633657572.577205
104 1633657572.5795426
104 1633657572.8610537
104 1633657572.8620682
104 1633657572.8639417
104 1633657572.8652053
104 1633657572.867695
104 1633657572.8700724
104 1633657573.977768
104 1633657573.9784205
104 1633657573.9806852
104 1633657573.9819493
104 1633657573.9827743
104 1633657573.9835727
104 1633657574.987592
104 1633657574.9899738
104 1633657574.9958134
104 1633657574.9999845
104 1633657575.0034556
104 1633657575.009373
104 1633657575.9459922
104 1633657575.9471474
104 1633657575.9483142
104 1633657575.9496791
104 1633657575.9506662
104 1633657575.95165
104 1633657576.2031088
104 1633657576.2039578
104 1633657576.2040734
104 1633657576.2048376
104 1633657576.2055562
104 1633657576.2062306
104 1633657576.207838
104 1633657576.2098866
104 1633657576.4848306
104 1633657576.4876678
104 1633657576.4880428
104 1633657576.4920354
104 1633657576.4949632
104 1633657576.497916
104 1633657576.5093157
104 1633657576.5122166
104 1633657577.0784247
104 1633657577.0792296
104 1633657577.0807486
104 1633657577.0824368
104 1633657577.0831683
104 1633657577.0860212
104 1633657578.253719
104 1633657578.2569954
104 1633657578.2642539
104 1633657578.275859
104 1633657578.2779365
104 1633657578.2805407
104 1633657579.9711616
104 1633657579.973439
104 1633657579.9743583
104 1633657579.9762087
104 1633657579.977857
104 1633657579.9794006
104 1633657579.9826376
104 1633657579.9859884
104 1633657581.2720833
104 1633657581.275329
104 1633657581.2755167
104 1633657581.2784922
104 1633657581.2806363
104 1633657581.282558
104 1633657581.289595
104 1633657581.2974186
104 1633657581.3099115
104 1633657581.3119826
104 1633657581.3155959
104 1633657581.3233469
104 1633657581.3248003
104 1633657581.3278525
104 1633657581.846432
104 1633657581.8477378
104 1633657581.8481257
104 1633657581.8493886
104 1633657581.8503048
104 1633657581.8513408
104 1633657581.858485
104 1633657581.8612196
104 1633657581.982665
104 1633657581.984842
104 1633657581.9857645
104 1633657581.9894903
104 1633657581.992432
104 1633657581.9970279
104 1633657582.0062277
104 1633657582.0136235
104 1633657582.4875138
104 1633657582.4888132
104 1633657582.4907773
104 1633657582.492519
104 1633657582.4932714
104 1633657582.4943097
104 1633657583.0316823
104 1633657583.0332897
104 1633657583.0371113
104 1633657583.040852
104 1633657583.0417902
104 1633657583.043349
104 1633657583.7199047
104 1633657583.7232225
104 1633657583.7308202
104 1633657583.7434812
104 1633657583.7447636
104 1633657583.7460818
104 1633657584.6347156
104 1633657584.6358392
104 1633657584.6364114
104 1633657584.6374576
104 1633657584.6387043
104 1633657584.639955
104 1633657584.6434836
104 1633657584.6448336
104 1633657584.87278
104 1633657584.8737273
104 1633657584.8741255
104 1633657584.8748198
104 1633657584.8756244
104 1633657584.8766418
104 1633657584.877966
104 1633657584.87855
104 1633657585.1784942
104 1633657585.1810956
104 1633657585.1862776
104 1633657585.188843
104 1633657585.1926863
104 1633657585.198426
104 1633657585.4181044
104 1633657585.4191175
104 1633657585.4211066
104 1633657585.4220655
104 1633657585.4231102
104 1633657585.4241254
104 1633657585.8842902
104 1633657585.8882499
104 1633657585.8932085
104 1633657585.9041002
104 1633657585.904642
104 1633657585.9088378
104 1633657585.9726486
104 1633657585.9746258
104 1633657585.9747508
104 1633657585.9780946
104 1633657585.979807
104 1633657585.9829128
104 1633657585.9831662
104 1633657585.9922407
104 1633657586.008051
104 1633657586.009238
104 1633657586.011765
104 1633657586.013243
104 1633657586.01413
104 1633657586.0168314
104 1633657587.7959363
104 1633657587.7982054
104 1633657587.8045967
104 1633657587.8123343
104 1633657587.8152905
104 1633657587.821929
104 1633657588.4455414
104 1633657588.447159
104 1633657588.4510326
104 1633657588.4528482
104 1633657588.453407
104 1633657588.4585416
104 1633657590.3448505
104 1633657590.3478076
104 1633657590.348473
104 1633657590.3508658
104 1633657590.354097
104 1633657590.3568256
104 1633657590.3696687
104 1633657590.3733914
104 1633657591.7978578
104 1633657591.8023808
104 1633657591.8120923
104 1633657591.8183107
104 1633657591.819226
104 1633657591.8208616
104 1633657593.085338
104 1633657593.088481
104 1633657593.1000862
104 1633657593.1001003
104 1633657593.1077318
104 1633657593.1091318
104 1633657593.4761152
104 1633657593.479573
104 1633657593.4796543
104 1633657593.4854627
104 1633657593.4878833
104 1633657593.4907312
104 1633657593.5024471
104 1633657593.5092576
104 1633657593.8031764
104 1633657593.8066084
104 1633657593.8139799
104 1633657593.8238893
104 1633657593.8255801
104 1633657593.8268056
104 1633657594.2506332
104 1633657594.253175
104 1633657594.2591827
104 1633657594.2751942
104 1633657594.277616
104 1633657594.2798061
104 1633657595.0229025
104 1633657595.0247352
104 1633657595.027089
104 1633657595.0289888
104 1633657595.0301352
104 1633657595.031157
104 1633657595.2977207
104 1633657595.3000524
104 1633657595.3018222
104 1633657595.3028777
104 1633657595.3033705
104 1633657595.3046873
104 1633657596.1237915
104 1633657596.1271572
104 1633657596.1303432
104 1633657596.1347303
104 1633657596.1383052
104 1633657596.1422136
104 1633657596.1550686
104 1633657596.1591344
104 1633657596.9813125
104 1633657596.9822502
104 1633657596.9837759
104 1633657596.9857311
104 1633657596.9863575
104 1633657596.987035
104 1633657598.4161265
104 1633657598.4202583
104 1633657598.4273021
104 1633657598.4417894
104 1633657598.443145
104 1633657598.4439225
104 1633657598.8689008
104 1633657598.871051
104 1633657598.8739781
104 1633657598.8768473
104 1633657598.8780017
104 1633657598.879088
104 1633657599.4887598
104 1633657599.4903078
104 1633657599.491866
104 1633657599.49458
104 1633657599.4963617
104 1633657599.4980733
104 1633657599.503641
104 1633657599.5093024
104 1633657600.615211
104 1633657600.6176546
104 1633657600.6175349
104 1633657600.6203523
104 1633657600.6222076
104 1633657600.6234558
104 1633657600.632665
104 1633657600.6356266
104 1633657602.076686
104 1633657602.0792608
104 1633657602.0799794
104 1633657602.0817876
104 1633657602.0839746
104 1633657602.0862288
104 1633657602.0911012
104 1633657602.101368
104 1633657602.2377057
104 1633657602.2400897
104 1633657602.2411697
104 1633657602.2443116
104 1633657602.2455652
104 1633657602.2497444
104 1633657602.4460514
104 1633657602.4470208
104 1633657602.4477577
104 1633657602.448583
104 1633657602.4492352
104 1633657602.4498024
104 1633657602.4504745
104 1633657602.4518597
104 1633657602.4795146
104 1633657602.4804928
104 1633657602.4824164
104 1633657602.483384
104 1633657602.4837658
104 1633657602.4858186
104 1633657602.862685
104 1633657602.866121
104 1633657602.8664036
104 1633657602.8719323
104 1633657602.877047
104 1633657602.8818944
104 1633657602.8858101
104 1633657602.8858473
104 1633657602.88876
104 1633657602.8950398
104 1633657602.8976178
104 1633657602.8998528
104 1633657602.9013717
104 1633657602.9031155
104 1633657603.096991
104 1633657603.1001308
104 1633657603.104646
104 1633657603.110397
104 1633657603.1139011
104 1633657603.1181328
104 1633657604.3350215
104 1633657604.3381827
104 1633657604.3490107
104 1633657604.355669
104 1633657604.3582335
104 1633657604.3591375
104 1633657604.4016619
104 1633657604.4046972
104 1633657604.4086943
104 1633657604.418876
104 1633657604.4194243
104 1633657604.4209306
104 1633657605.0418339
104 1633657605.043027
104 1633657605.0456347
104 1633657605.0456586
104 1633657605.049988
104 1633657605.0518458
104 1633657607.6210518
104 1633657607.6233974
104 1633657607.6240919
104 1633657607.625829
104 1633657607.6270325
104 1633657607.6282272
104 1633657607.6311724
104 1633657607.631895
104 1633657607.735584
104 1633657607.7377667
104 1633657607.7440243
104 1633657607.7535594
104 1633657607.7542248
104 1633657607.7569284
104 1633657609.517557
104 1633657609.5213723
104 1633657609.529296
104 1633657609.5382123
104 1633657609.5403528
104 1633657609.5432925
104 1633657610.3398194
104 1633657610.3439517
104 1633657610.350542
104 1633657610.356947
104 1633657610.3585792
104 1633657610.3598728
104 1633657610.4244545
104 1633657610.427458
104 1633657610.429555
104 1633657610.4344044
104 1633657610.4380505
104 1633657610.4396894
104 1633657610.5192924
104 1633657610.5216367
104 1633657610.5307376
104 1633657610.5361245
104 1633657610.5393684
104 1633657610.542862
104 1633657610.584857
104 1633657610.5862718
104 1633657610.5865235
104 1633657610.587992
104 1633657610.5892031
104 1633657610.5904822
104 1633657610.5967975
104 1633657610.6002915
104 1633657613.426697
104 1633657613.427428
104 1633657613.4286346
104 1633657613.429676
104 1633657613.430335
104 1633657613.4312317
104 1633657614.0930958
104 1633657614.094836
104 1633657614.0986817
104 1633657614.1006024
104 1633657614.102838
104 1633657614.110287
