104 1633657516.2987702
104 1633657516.3042612
104 1633657516.3077092
104 1633657516.309449
104 1633657516.3124497
104 1633657516.323196
104 1633657516.3252254
104 1633657516.3305418
104 1633657516.3343704
104 1633657516.334656
104 1633657516.335494
104 1633657516.335522
104 1633657516.336315
104 1633657516.3412144
104 1633657516.3419483
104 1633657516.342614
104 1633657516.343933
104 1633657516.3446116
104 1633657516.3448071
104 1633657516.3453648
104 1633657516.3462343
104 1633657516.3471985
104 1633657516.347607
104 1633657516.350188
104 1633657516.3508513
104 1633657517.2892082
104 1633657517.2963705
104 1633657517.2998214
104 1633657517.3054488
104 1633657517.3091779
104 1633657517.316502
104 1633657517.3243396
104 1633657517.325661
104 1633657517.3270717
104 1633657517.327949
104 1633657517.3279703
104 1633657517.3309448
104 1633657517.3334026
104 1633657517.3344924
104 1633657517.3355224
104 1633657517.338601
104 1633657517.340312
104 1633657517.341299
104 1633657517.3423944
104 1633657518.050699
104 1633657518.053199
104 1633657518.054739
104 1633657518.0563285
104 1633657518.0572536
104 1633657518.0578122
104 1633657522.046241
104 1633657522.0496497
104 1633657522.061188
104 1633657522.0654275
104 1633657522.0670662
104 1633657522.0688844
104 1633657522.265751
104 1633657522.268701
104 1633657522.2746181
104 1633657522.2780457
104 1633657522.279989
104 1633657522.2822776
104 1633657523.268593
104 1633657523.269889
104 1633657523.2718763
104 1633657523.273977
104 1633657523.274965
104 1633657523.276458
104 1633657525.7242506
104 1633657525.7249503
104 1633657525.726338
104 1633657525.7274203
104 1633657525.7280624
104 1633657525.7285533
104 1633657526.1078975
104 1633657526.1089454
104 1633657526.1099424
104 1633657526.1113973
104 1633657526.1122818
104 1633657526.1133254
104 1633657526.9671152
104 1633657526.9706154
104 1633657526.977988
104 1633657526.981799
104 1633657526.9840982
104 1633657526.9880536
104 1633657527.97944
104 1633657527.9802213
104 1633657527.98262
104 1633657527.9834225
104 1633657527.984207
104 1633657527.984904
104 1633657528.4373217
104 1633657528.440089
104 1633657528.446519
104 1633657528.4539855
104 1633657528.455558
104 1633657528.4562593
104 1633657528.5566354
104 1633657528.557552
104 1633657528.5579417
104 1633657528.5588918
104 1633657528.5600884
104 1633657528.560688
104 1633657528.5626376
104 1633657528.5633314
104 1633657528.9029658
104 1633657528.9039905
104 1633657528.906618
104 1633657528.909232
104 1633657528.910656
104 1633657528.9116592
104 1633657529.1074414
104 1633657529.1090257
104 1633657529.10916
104 1633657529.1100802
104 1633657529.110964
104 1633657529.1118355
104 1633657529.113583
104 1633657529.1148043
104 1633657529.9173856
104 1633657529.9184122
104 1633657529.9185686
104 1633657529.9192328
104 1633657529.9199233
104 1633657529.921003
104 1633657529.9229567
104 1633657529.9239802
104 1633657530.8941712
104 1633657530.895541
104 1633657530.8994853
104 1633657530.9020278
104 1633657530.9036129
104 1633657530.905069
104 1633657531.949521
104 1633657531.9517767
104 1633657531.954449
104 1633657531.9583647
104 1633657531.9617965
104 1633657531.9660864
104 1633657532.1650248
104 1633657532.1665924
104 1633657532.1668634
104 1633657532.168776
104 1633657532.170511
104 1633657532.1724894
104 1633657532.1760683
104 1633657532.1783316
104 1633657533.072464
104 1633657533.0756586
104 1633657533.0781088
104 1633657533.078191
104 1633657533.0796282
104 1633657533.081132
104 1633657533.648808
104 1633657533.649773
104 1633657533.6528695
104 1633657533.65446
104 1633657533.6553016
104 1633657533.6584847
104 1633657534.444537
104 1633657534.4475613
104 1633657534.4543657
104 1633657534.4648283
104 1633657534.4657109
104 1633657534.4674194
104 1633657534.564712
104 1633657534.5660567
104 1633657534.5673323
104 1633657534.5686214
104 1633657534.5695293
104 1633657534.570342
104 1633657534.5748425
104 1633657534.576132
104 1633657535.6916335
104 1633657535.6923416
104 1633657535.692461
104 1633657535.6932995
104 1633657535.6938047
104 1633657535.6945355
104 1633657535.6970408
104 1633657535.6976004
104 1633657536.3262367
104 1633657536.3286808
104 1633657536.3316355
104 1633657536.3369367
104 1633657536.3382874
104 1633657536.3394358
104 1633657536.554999
104 1633657536.5571325
104 1633657536.5575979
104 1633657536.5607107
104 1633657536.563986
104 1633657536.5657482
104 1633657536.5677516
104 1633657536.5703208
104 1633657536.8907526
104 1633657536.8913767
104 1633657536.8939075
104 1633657536.8953497
104 1633657536.8966777
104 1633657536.8974118
104 1633657536.9677157
104 1633657536.9703326
104 1633657536.970431
104 1633657536.9746525
104 1633657536.9766374
104 1633657536.9783206
104 1633657536.9794965
104 1633657536.9811926
104 1633657537.2329926
104 1633657537.2336245
104 1633657537.2357056
104 1633657537.238024
104 1633657537.2386625
104 1633657537.2393227
104 1633657540.053168
104 1633657540.0550523
104 1633657540.0592146
104 1633657540.0602458
104 1633657540.061274
104 1633657540.0627809
104 1633657540.121088
104 1633657540.1219702
104 1633657540.122057
104 1633657540.1227283
104 1633657540.1232793
104 1633657540.123846
104 1633657540.1256168
104 1633657540.1269033
104 1633657541.2039778
104 1633657541.207207
104 1633657541.2077036
104 1633657541.2126195
104 1633657541.2157238
104 1633657541.2195082
104 1633657541.229985
104 1633657541.2351992
104 1633657541.6614058
104 1633657541.6645212
104 1633657541.6751156
104 1633657541.6791773
104 1633657541.6816463
104 1633657541.6837227
104 1633657543.9435747
104 1633657543.946762
104 1633657543.9538453
104 1633657543.9598644
104 1633657543.96236
104 1633657543.969291
104 1633657544.7083535
104 1633657544.7113812
104 1633657544.7118764
104 1633657544.7147071
104 1633657544.7169654
104 1633657544.7210588
104 1633657544.7329142
104 1633657544.7348268
104 1633657545.079042
104 1633657545.0799224
104 1633657545.0815701
104 1633657545.0854528
104 1633657545.0864086
104 1633657545.0872688
104 1633657545.3445463
104 1633657545.347056
104 1633657545.3498714
104 1633657545.3526492
104 1633657545.3551111
104 1633657545.3588848
104 1633657545.3703885
104 1633657545.3738356
104 1633657545.8792539
104 1633657545.8826456
104 1633657545.8896031
104 1633657545.8951778
104 1633657545.897388
104 1633657545.8998325
104 1633657546.001219
104 1633657546.002368
104 1633657546.0047812
104 1633657546.0127954
104 1633657546.0139081
104 1633657546.0147793
104 1633657546.5968008
104 1633657546.6006687
104 1633657546.60269
104 1633657546.6060104
104 1633657546.6090965
104 1633657546.6121256
104 1633657546.632792
104 1633657546.6333659
104 1633657547.0386226
104 1633657547.0417397
104 1633657547.045822
104 1633657547.0583854
104 1633657547.0604653
104 1633657547.0666175
104 1633657547.1287403
104 1633657547.130852
104 1633657547.1326218
104 1633657547.1403866
104 1633657547.1422353
104 1633657547.142903
104 1633657547.5456479
104 1633657547.549342
104 1633657547.557435
104 1633657547.5619626
104 1633657547.5638413
104 1633657547.5658183
104 1633657547.7771606
104 1633657547.7799985
104 1633657547.7801268
104 1633657547.7829492
104 1633657547.78565
104 1633657547.7892053
104 1633657547.8004634
104 1633657547.8025997
104 1633657548.3954527
104 1633657548.3975909
104 1633657548.4042473
104 1633657548.4083772
104 1633657548.4121532
104 1633657548.414351
104 1633657549.662006
104 1633657549.6627736
104 1633657549.664047
104 1633657549.6670563
104 1633657549.6685312
104 1633657549.6693516
104 1633657549.8114903
104 1633657549.813243
104 1633657549.8202758
104 1633657549.8258688
104 1633657549.8280313
104 1633657549.829902
104 1633657550.5356717
104 1633657550.538905
104 1633657550.540031
104 1633657550.5430384
104 1633657550.5455096
104 1633657550.5498583
104 1633657550.5598664
104 1633657550.5600178
104 1633657550.8473141
104 1633657550.8565469
104 1633657550.871391
104 1633657550.890822
104 1633657550.8934336
104 1633657550.8951647
104 1633657551.1104589
104 1633657551.1167443
104 1633657551.1222386
104 1633657551.1306164
104 1633657551.132384
104 1633657551.1339998
104 1633657551.3482494
104 1633657551.3527033
104 1633657551.3615866
104 1633657551.3712409
104 1633657551.3733346
104 1633657551.3756964
104 1633657551.9476888
104 1633657551.94935
104 1633657551.9512048
104 1633657551.9542747
104 1633657551.9546947
104 1633657551.9558682
104 1633657551.962943
104 1633657551.9649816
104 1633657551.965922
104 1633657551.9696074
104 1633657551.9765716
104 1633657551.977496
104 1633657551.9783487
104 1633657551.9850237
104 1633657553.1172945
104 1633657553.1199238
104 1633657553.1207032
104 1633657553.1236427
104 1633657553.1259074
104 1633657553.1293592
104 1633657553.132097
104 1633657553.1419992
104 1633657553.8261683
104 1633657553.8290343
104 1633657553.8363109
104 1633657553.83959
104 1633657553.8422804
104 1633657553.8483744
104 1633657554.436519
104 1633657554.4392292
104 1633657554.4393744
104 1633657554.4435341
104 1633657554.446545
104 1633657554.448746
104 1633657554.464334
104 1633657554.468028
104 1633657554.4882174
104 1633657554.4896574
104 1633657554.4898212
104 1633657554.4911792
104 1633657554.4923894
104 1633657554.4932806
104 1633657554.4992435
104 1633657554.4993002
104 1633657554.8686068
104 1633657554.8718135
104 1633657554.876793
104 1633657554.885021
104 1633657554.8876057
104 1633657554.8876257
104 1633657554.8979867
104 1633657554.8997707
104 1633657554.8998916
104 1633657554.9037519
104 1633657554.9051409
104 1633657554.907308
104 1633657554.9154747
104 1633657554.9164598
104 1633657554.919009
104 1633657554.9197595
104 1633657554.9198215
104 1633657554.9206383
104 1633657554.9213386
104 1633657554.9220183
104 1633657554.9235518
104 1633657554.925548
104 1633657555.6312525
104 1633657555.6344936
104 1633657555.6422567
104 1633657555.6520839
104 1633657555.6528666
104 1633657555.6565208
104 1633657556.4288573
104 1633657556.4316792
104 1633657556.4318037
104 1633657556.4354157
104 1633657556.4380472
104 1633657556.4408453
104 1633657556.445763
104 1633657556.453831
104 1633657557.4714267
104 1633657557.474584
104 1633657557.4833915
104 1633657557.4912553
104 1633657557.4933944
104 1633657557.493981
104 1633657557.9493885
104 1633657557.952253
104 1633657557.9614918
104 1633657557.9713619
104 1633657557.9739459
104 1633657557.975132
104 1633657558.7323558
104 1633657558.7347026
104 1633657558.739151
104 1633657558.7493095
104 1633657558.752369
104 1633657558.753663
104 1633657558.9179265
104 1633657558.921324
104 1633657558.9270506
104 1633657558.9359434
104 1633657558.937554
104 1633657558.9390929
104 1633657559.0492964
104 1633657559.0518928
104 1633657559.0554338
104 1633657559.0695994
104 1633657559.07737
104 1633657559.0813355
104 1633657559.1625829
104 1633657559.165644
104 1633657559.1812057
104 1633657559.1815317
104 1633657559.1906753
104 1633657559.1963513
104 1633657560.6966197
104 1633657560.6980796
104 1633657560.699761
104 1633657560.7035036
104 1633657560.705351
104 1633657560.712115
104 1633657560.9625676
104 1633657560.9642115
104 1633657560.9660764
104 1633657560.9723916
104 1633657560.9758935
104 1633657560.977812
104 1633657561.0621247
104 1633657561.0630813
104 1633657561.0631468
104 1633657561.063965
104 1633657561.0648196
104 1633657561.0664804
104 1633657561.0697336
104 1633657561.0715394
104 1633657562.4101639
104 1633657562.4145463
104 1633657562.4146564
104 1633657562.4196754
104 1633657562.4226172
104 1633657562.426145
104 1633657562.430235
104 1633657562.4408834
104 1633657562.7481048
104 1633657562.7522154
104 1633657562.7611296
104 1633657562.7677565
104 1633657562.7704175
104 1633657562.7727432
104 1633657562.7774923
104 1633657562.7785609
104 1633657562.7813952
104 1633657562.7864952
104 1633657562.7877426
104 1633657562.788992
104 1633657563.1693714
104 1633657563.1732464
104 1633657563.1741064
104 1633657563.1769576
104 1633657563.180814
104 1633657563.1851144
104 1633657563.1951172
104 1633657563.1989224
104 1633657563.2981927
104 1633657563.3002264
104 1633657563.3004196
104 1633657563.3032875
104 1633657563.3044963
104 1633657563.3058121
104 1633657563.3107467
104 1633657563.3130095
104 1633657563.4924366
104 1633657563.4953978
104 1633657563.495404
104 1633657563.4989214
104 1633657563.5012197
104 1633657563.5035477
104 1633657563.5125191
104 1633657563.521916
104 1633657563.6629272
104 1633657563.6676106
104 1633657563.6756017
104 1633657563.6829622
104 1633657563.6857047
104 1633657563.6928186
104 1633657565.5944612
104 1633657565.5972261
104 1633657565.6001906
104 1633657565.6036818
104 1633657565.6075146
104 1633657565.6126735
104 1633657565.6237922
104 1633657565.6280162
104 1633657565.7966554
104 1633657565.7997935
104 1633657565.8101754
104 1633657565.8199887
104 1633657565.821494
104 1633657565.8222966
104 1633657565.9726481
104 1633657565.97495
104 1633657565.9754434
104 1633657565.977579
104 1633657565.9791524
104 1633657565.9815674
104 1633657565.9863815
104 1633657565.9880404
104 1633657566.6493304
104 1633657566.6524658
104 1633657566.6689482
104 1633657566.672325
104 1633657566.6734765
104 1633657566.6747296
104 1633657566.9787457
104 1633657566.9813027
104 1633657566.9820664
104 1633657566.9845972
104 1633657566.9873073
104 1633657566.9902604
104 1633657566.9951465
104 1633657566.9956272
104 1633657567.0314913
104 1633657567.0333848
104 1633657567.03698
104 1633657567.0448482
104 1633657567.0465388
104 1633657567.047153
104 1633657567.1138396
104 1633657567.1168041
104 1633657567.1188617
104 1633657567.1268096
104 1633657567.127963
104 1633657567.1289518
104 1633657567.2609904
104 1633657567.2625475
104 1633657567.2684832
104 1633657567.272347
104 1633657567.2741904
104 1633657567.2760284
104 1633657567.573211
104 1633657567.575893
104 1633657567.5833797
104 1633657567.5939012
104 1633657567.5944765
104 1633657567.5960422
104 1633657569.8123446
104 1633657569.8151758
104 1633657569.8164692
104 1633657569.8197377
104 1633657569.8223705
104 1633657569.8268528
104 1633657569.827035
104 1633657569.8355746
104 1633657570.2273002
104 1633657570.2287607
104 1633657570.231727
104 1633657570.235097
104 1633657570.2362628
104 1633657570.2378027
104 1633657570.6048625
104 1633657570.608075
104 1633657570.6210272
104 1633657570.6310031
104 1633657570.6325092
104 1633657570.6340353
104 1633657572.189144
104 1633657572.1968215
104 1633657572.2067988
104 1633657572.2168698
104 1633657572.2224417
104 1633657572.2244911
104 1633657572.5725746
104 1633657572.5737655
104 1633657572.5766146
104 1633657572.5783284
104 1633657572.579387
104 1633657572.580278
104 1633657572.8623827
104 1633657572.863252
104 1633657572.8648107
104 1633657572.8690844
104 1633657572.8700004
104 1633657572.8712425
104 1633657573.9765606
104 1633657573.9777186
104 1633657573.9778717
104 1633657573.9784276
104 1633657573.9795911
104 1633657573.9806156
104 1633657573.9818711
104 1633657573.9827943
104 1633657574.9888954
104 1633657574.994051
104 1633657575.0004032
104 1633657575.007484
104 1633657575.0090225
104 1633657575.0090997
104 1633657575.9442663
104 1633657575.945546
104 1633657575.9499404
104 1633657575.9506927
104 1633657575.951154
104 1633657575.9516268
104 1633657576.204229
104 1633657576.2048259
104 1633657576.2063313
104 1633657576.2092767
104 1633657576.2098467
104 1633657576.2104135
104 1633657576.4886703
104 1633657576.4920385
104 1633657576.4971468
104 1633657576.5038583
104 1633657576.5060818
104 1633657576.5122473
104 1633657577.0774832
104 1633657577.0783894
104 1633657577.0786803
104 1633657577.0794065
104 1633657577.0800407
104 1633657577.080852
104 1633657577.0846438
104 1633657577.0866053
104 1633657578.2586365
104 1633657578.2610059
104 1633657578.2680063
104 1633657578.2733757
104 1633657578.27629
104 1633657578.2782834
104 1633657579.9712682
104 1633657579.974693
104 1633657579.97983
104 1633657579.9840314
104 1633657579.9857085
104 1633657579.9875355
104 1633657581.275718
104 1633657581.2780926
104 1633657581.2831933
104 1633657581.2932005
104 1633657581.294843
104 1633657581.2970083
104 1633657581.312233
104 1633657581.313753
104 1633657581.3182235
104 1633657581.3266182
104 1633657581.327734
104 1633657581.3277376
104 1633657581.8483758
104 1633657581.8495734
104 1633657581.8519986
104 1633657581.8593285
104 1633657581.8599994
104 1633657581.8609703
104 1633657581.986149
104 1633657581.9899254
104 1633657581.9927835
104 1633657582.0038545
104 1633657582.0060446
104 1633657582.0123298
104 1633657582.4886026
104 1633657582.489352
104 1633657582.489967
104 1633657582.4912875
104 1633657582.4920008
104 1633657582.4934587
104 1633657583.0330215
104 1633657583.033913
104 1633657583.0378232
104 1633657583.0391703
104 1633657583.039844
104 1633657583.0415976
104 1633657583.7228816
104 1633657583.7254534
104 1633657583.733884
104 1633657583.7385738
104 1633657583.7415931
104 1633657583.7447872
104 1633657584.6359582
104 1633657584.6373882
104 1633657584.640313
104 1633657584.6432323
104 1633657584.6447098
104 1633657584.6470811
104 1633657584.8738632
104 1633657584.8748043
104 1633657584.8766797
104 1633657584.877991
104 1633657584.8785253
104 1633657584.879512
104 1633657585.1819906
104 1633657585.1840107
104 1633657585.1892598
104 1633657585.195587
104 1633657585.1978402
104 1633657585.2000778
104 1633657585.4191782
104 1633657585.4199662
104 1633657585.4218159
104 1633657585.423035
104 1633657585.4240742
104 1633657585.424755
104 1633657585.8873582
104 1633657585.8904097
104 1633657585.8979936
104 1633657585.9016175
104 1633657585.9034448
104 1633657585.9067779
104 1633657585.9755883
104 1633657585.9790137
104 1633657585.9882805
104 1633657585.9912739
104 1633657585.9922092
104 1633657585.9936552
104 1633657586.0097837
104 1633657586.010838
104 1633657586.0135787
104 1633657586.0159287
104 1633657586.0167758
104 1633657586.0175872
104 1633657587.7996004
104 1633657587.8020773
104 1633657587.8148985
104 1633657587.8211296
104 1633657587.8220522
104 1633657587.8226745
104 1633657588.4450648
104 1633657588.44708
104 1633657588.4476757
104 1633657588.4486501
104 1633657588.449504
104 1633657588.45163
104 1633657588.4568672
104 1633657588.4571419
104 1633657590.348431
104 1633657590.3508003
104 1633657590.3578334
104 1633657590.3689725
104 1633657590.3720121
104 1633657590.3732479
104 1633657591.8014836
104 1633657591.8058734
104 1633657591.8151116
104 1633657591.8180096
104 1633657591.8192425
104 1633657591.8205965
104 1633657593.0811355
104 1633657593.085051
104 1633657593.085613
104 1633657593.0883396
104 1633657593.091064
104 1633657593.0934882
104 1633657593.1052012
104 1633657593.1094208
104 1633657593.4814255
104 1633657593.485575
104 1633657593.4910767
104 1633657593.5009203
104 1633657593.5014658
104 1633657593.5089014
104 1633657593.8066983
104 1633657593.8100803
104 1633657593.8161597
104 1633657593.821832
104 1633657593.8232265
104 1633657593.8268557
104 1633657594.2534416
104 1633657594.2568073
104 1633657594.26092
104 1633657594.2701812
104 1633657594.2726934
104 1633657594.2780821
104 1633657595.0212507
104 1633657595.0228302
104 1633657595.0238292
104 1633657595.0254261
104 1633657595.0263436
104 1633657595.0270073
104 1633657595.0302029
104 1633657595.0311472
104 1633657595.3002243
104 1633657595.3008604
104 1633657595.302825
104 1633657595.3040576
104 1633657595.3045847
104 1633657595.3059568
104 1633657596.1291783
104 1633657596.1335645
104 1633657596.1446402
104 1633657596.150598
104 1633657596.1522763
104 1633657596.1611207
104 1633657596.9799347
104 1633657596.9809816
104 1633657596.9810035
104 1633657596.9821074
104 1633657596.982877
104 1633657596.9835408
104 1633657596.9842522
104 1633657596.9863858
104 1633657598.4190774
104 1633657598.4238205
104 1633657598.4312005
104 1633657598.4376543
104 1633657598.4399343
104 1633657598.4429784
104 1633657598.8685951
104 1633657598.8700402
104 1633657598.8702533
104 1633657598.8718488
104 1633657598.8727155
104 1633657598.873591
104 1633657598.8751423
104 1633657598.8777795
104 1633657599.490785
104 1633657599.4922857
104 1633657599.49816
104 1633657599.5071986
104 1633657599.508499
104 1633657599.5086021
104 1633657600.6179051
104 1633657600.6209183
104 1633657600.6225388
104 1633657600.6351259
104 1633657600.6355536
104 1633657600.636003
104 1633657602.0794117
104 1633657602.082076
104 1633657602.086372
104 1633657602.0981507
104 1633657602.1011307
104 1633657602.102617
104 1633657602.2357764
104 1633657602.238168
104 1633657602.2414122
104 1633657602.2476513
104 1633657602.2496593
104 1633657602.251091
104 1633657602.4461157
104 1633657602.4477553
104 1633657602.4500513
104 1633657602.4512565
104 1633657602.4518535
104 1633657602.452364
104 1633657602.4805675
104 1633657602.481879
104 1633657602.4831407
104 1633657602.4843976
104 1633657602.4854033
104 1633657602.486175
104 1633657602.866884
104 1633657602.8711686
104 1633657602.8813572
104 1633657602.8821712
104 1633657602.8836443
104 1633657602.885645
104 1633657602.8883562
104 1633657602.890111
104 1633657602.8924944
104 1633657602.894955
104 1633657602.896325
104 1633657602.8974838
104 1633657602.9018126
104 1633657602.9025767
104 1633657603.093048
104 1633657603.0968661
104 1633657603.0973632
104 1633657603.1001835
104 1633657603.104398
104 1633657603.1104019
104 1633657603.11766
104 1633657603.1177406
104 1633657604.3348975
104 1633657604.3382134
104 1633657604.3389409
104 1633657604.3413877
104 1633657604.3445058
104 1633657604.3499348
104 1633657604.3593051
104 1633657604.3594422
104 1633657604.4029336
104 1633657604.4043548
104 1633657604.4120765
104 1633657604.4168096
104 1633657604.418176
104 1633657604.420646
104 1633657605.040639
104 1633657605.041426
104 1633657605.041562
104 1633657605.0428288
104 1633657605.0437627
104 1633657605.0454543
104 1633657605.0483558
104 1633657605.0508387
104 1633657607.6235118
104 1633657607.6260364
104 1633657607.6273124
104 1633657607.6308196
104 1633657607.6332343
104 1633657607.6355047
104 1633657607.7322514
104 1633657607.734943
104 1633657607.7352781
104 1633657607.73846
104 1633657607.74087
104 1633657607.7430332
104 1633657607.7496164
104 1633657607.7543447
104 1633657609.5226266
104 1633657609.5259774
104 1633657609.5335176
104 1633657609.5421932
104 1633657609.5433035
104 1633657609.5434613
104 1633657610.333029
104 1633657610.3396966
104 1633657610.339868
104 1633657610.3440843
104 1633657610.3476088
104 1633657610.3503883
104 1633657610.3546524
104 1633657610.3583522
104 1633657610.4208276
104 1633657610.423293
104 1633657610.4235084
104 1633657610.4271061
104 1633657610.429446
104 1633657610.4313982
104 1633657610.4389389
104 1633657610.4414644
104 1633657610.518977
104 1633657610.5217855
104 1633657610.5220797
104 1633657610.5253649
104 1633657610.5282495
104 1633657610.531124
104 1633657610.5414727
104 1633657610.5447986
104 1633657610.5850387
104 1633657610.5863726
104 1633657610.5913713
104 1633657610.5991442
104 1633657610.6002262
104 1633657610.601766
104 1633657613.4255452
104 1633657613.4266012
104 1633657613.42679
104 1633657613.4274588
104 1633657613.4280634
104 1633657613.4285738
104 1633657613.4296336
104 1633657613.43034
104 1633657614.0946615
104 1633657614.0966837
104 1633657614.1003113
104 1633657614.1084235
104 1633657614.110197
104 1633657614.1107461
