104 1633657516.28997
104 1633657516.2985232
104 1633657516.3009398
104 1633657516.3036885
104 1633657516.3057544
104 1633657516.3075159
104 1633657516.3091164
104 1633657516.3091602
104 1633657516.31239
104 1633657516.3170772
104 1633657516.319062
104 1633657516.319203
104 1633657516.3217864
104 1633657516.3226712
104 1633657516.3257275
104 1633657516.3288772
104 1633657516.3301015
104 1633657516.3345282
104 1633657516.335239
104 1633657516.3412197
104 1633657516.3428905
104 1633657516.3437686
104 1633657516.3443708
104 1633657516.3444722
104 1633657516.3452768
104 1633657516.346808
104 1633657516.348869
104 1633657516.3493907
104 1633657516.3498654
104 1633657517.2900996
104 1633657517.2950184
104 1633657517.2984135
104 1633657517.3038583
104 1633657517.3080633
104 1633657517.3124945
104 1633657517.3151612
104 1633657517.3204682
104 1633657517.3245442
104 1633657517.3255682
104 1633657517.3287625
104 1633657517.3303466
104 1633657517.331994
104 1633657517.334515
104 1633657517.3355489
104 1633657517.338439
104 1633657517.3406205
104 1633657517.3421092
104 1633657517.3430614
104 1633657518.049275
104 1633657518.0502415
104 1633657518.0539098
104 1633657518.0546277
104 1633657518.0556707
104 1633657518.056369
104 1633657522.041271
104 1633657522.047958
104 1633657522.0553493
104 1633657522.061512
104 1633657522.0664036
104 1633657522.068059
104 1633657522.2628887
104 1633657522.2654133
104 1633657522.2718382
104 1633657522.274843
104 1633657522.2766936
104 1633657522.2809818
104 1633657523.2673516
104 1633657523.2686346
104 1633657523.2710114
104 1633657523.2725797
104 1633657523.2763083
104 1633657523.2776506
104 1633657525.723323
104 1633657525.724106
104 1633657525.7241113
104 1633657525.7251124
104 1633657525.7256021
104 1633657525.7261653
104 1633657525.7271504
104 1633657525.7278814
104 1633657526.1065176
104 1633657526.107477
104 1633657526.1077044
104 1633657526.109018
104 1633657526.109777
104 1633657526.1106992
104 1633657526.111999
104 1633657526.1131742
104 1633657526.9635324
104 1633657526.9685297
104 1633657526.9819076
104 1633657526.9864116
104 1633657526.9878702
104 1633657526.989333
104 1633657527.9774048
104 1633657527.9790018
104 1633657527.9796662
104 1633657527.980796
104 1633657527.98157
104 1633657527.9824228
104 1633657527.9837205
104 1633657527.983725
104 1633657528.4343436
104 1633657528.43716
104 1633657528.4372127
104 1633657528.4403496
104 1633657528.442604
104 1633657528.4452734
104 1633657528.4473886
104 1633657528.4533758
104 1633657528.5569038
104 1633657528.558129
104 1633657528.5601964
104 1633657528.5611913
104 1633657528.5623448
104 1633657528.5627682
104 1633657528.9016614
104 1633657528.9028797
104 1633657528.9030433
104 1633657528.904118
104 1633657528.905392
104 1633657528.906351
104 1633657528.9087787
104 1633657528.910379
104 1633657529.1074846
104 1633657529.1089358
104 1633657529.1119688
104 1633657529.113591
104 1633657529.1147819
104 1633657529.1157706
104 1633657529.9177103
104 1633657529.9184866
104 1633657529.920045
104 1633657529.9212182
104 1633657529.9229271
104 1633657529.9239852
104 1633657530.8920124
104 1633657530.8940735
104 1633657530.8941443
104 1633657530.895771
104 1633657530.897204
104 1633657530.8985999
104 1633657530.9006157
104 1633657530.9034853
104 1633657531.9464517
104 1633657531.9494905
104 1633657531.95792
104 1633657531.9648736
104 1633657531.9661033
104 1633657531.96727
104 1633657532.165214
104 1633657532.166629
104 1633657532.1726596
104 1633657532.1754184
104 1633657532.1783693
104 1633657532.1797802
104 1633657533.0695763
104 1633657533.0728123
104 1633657533.0769536
104 1633657533.0780168
104 1633657533.079028
104 1633657533.081342
104 1633657533.6472812
104 1633657533.6486912
104 1633657533.6490617
104 1633657533.6504772
104 1633657533.651503
104 1633657533.6531174
104 1633657533.6556344
104 1633657533.6565945
104 1633657534.4415286
104 1633657534.4455657
104 1633657534.451839
104 1633657534.4589791
104 1633657534.4604018
104 1633657534.4699688
104 1633657534.5653868
104 1633657534.5671408
104 1633657534.569586
104 1633657534.5735047
104 1633657534.5745997
104 1633657534.5759106
104 1633657535.6925948
104 1633657535.6932096
104 1633657535.69384
104 1633657535.6949291
104 1633657535.6957402
104 1633657535.6971126
104 1633657536.3241014
104 1633657536.3256423
104 1633657536.3304007
104 1633657536.3365486
104 1633657536.3381524
104 1633657536.3394375
104 1633657536.5551705
104 1633657536.557331
104 1633657536.5640392
104 1633657536.56658
104 1633657536.5679588
104 1633657536.5714068
104 1633657536.8893647
104 1633657536.890707
104 1633657536.891055
104 1633657536.8916266
104 1633657536.8922024
104 1633657536.8937926
104 1633657536.8955982
104 1633657536.8955982
104 1633657536.9678566
104 1633657536.9702766
104 1633657536.9766927
104 1633657536.9786355
104 1633657536.9791362
104 1633657536.9806983
104 1633657537.2320838
104 1633657537.2328825
104 1633657537.2329247
104 1633657537.2336466
104 1633657537.2342045
104 1633657537.2350855
104 1633657537.2357507
104 1633657537.2380457
104 1633657540.054607
104 1633657540.0566387
104 1633657540.0576842
104 1633657540.0620725
104 1633657540.0628462
104 1633657540.0633743
104 1633657540.122119
104 1633657540.1226869
104 1633657540.1232824
104 1633657540.1244872
104 1633657540.1250901
104 1633657540.126312
104 1633657541.2042646
104 1633657541.2078276
104 1633657541.2161188
104 1633657541.2296221
104 1633657541.232186
104 1633657541.2338705
104 1633657541.6649184
104 1633657541.6677303
104 1633657541.674627
104 1633657541.6792743
104 1633657541.6816773
104 1633657541.683614
104 1633657543.9466944
104 1633657543.9504757
104 1633657543.956982
104 1633657543.9671888
104 1633657543.9675345
104 1633657543.9708967
104 1633657544.711728
104 1633657544.7148368
104 1633657544.7210083
104 1633657544.7308714
104 1633657544.7313802
104 1633657544.7345798
104 1633657545.0775154
104 1633657545.0789104
104 1633657545.0792158
104 1633657545.0800204
104 1633657545.0808055
104 1633657545.0814826
104 1633657545.0853353
104 1633657545.0861619
104 1633657545.3476624
104 1633657545.3504572
104 1633657545.3556733
104 1633657545.3660245
104 1633657545.3725204
104 1633657545.3734655
104 1633657545.8764532
104 1633657545.8790286
104 1633657545.885446
104 1633657545.8939734
104 1633657545.8960447
104 1633657545.8973672
104 1633657546.0000875
104 1633657546.0011466
104 1633657546.0011563
104 1633657546.0024683
104 1633657546.0032694
104 1633657546.0045166
104 1633657546.0110078
104 1633657546.0139954
104 1633657546.5972376
104 1633657546.6011658
104 1633657546.6123672
104 1633657546.6263902
104 1633657546.629448
104 1633657546.632603
104 1633657547.0355377
104 1633657547.0392272
104 1633657547.0491006
104 1633657547.0594323
104 1633657547.0629654
104 1633657547.0658789
104 1633657547.1263838
104 1633657547.1279929
104 1633657547.128208
104 1633657547.1308117
104 1633657547.1325765
104 1633657547.1351683
104 1633657547.141041
104 1633657547.1410372
104 1633657547.5418677
104 1633657547.5447812
104 1633657547.5452545
104 1633657547.5494227
104 1633657547.5536265
104 1633657547.5573235
104 1633657547.5597615
104 1633657547.5626917
104 1633657547.7771983
104 1633657547.7799087
104 1633657547.7856066
104 1633657547.7964165
104 1633657547.7990885
104 1633657547.802976
104 1633657548.391913
104 1633657548.3943377
104 1633657548.4007611
104 1633657548.4073622
104 1633657548.410921
104 1633657548.411102
104 1633657549.661078
104 1633657549.6623654
104 1633657549.6672347
104 1633657549.667259
104 1633657549.668433
104 1633657549.6692069
104 1633657549.805478
104 1633657549.8108606
104 1633657549.8111176
104 1633657549.8132627
104 1633657549.815504
104 1633657549.8179014
104 1633657549.8194764
104 1633657549.8259723
104 1633657550.5361009
104 1633657550.5391476
104 1633657550.545853
104 1633657550.5491393
104 1633657550.5524325
104 1633657550.5559564
104 1633657550.8419945
104 1633657550.8484125
104 1633657550.864132
104 1633657550.8839898
104 1633657550.886826
104 1633657550.8935483
104 1633657551.1061258
104 1633657551.109535
104 1633657551.110648
104 1633657551.1172276
104 1633657551.1198707
104 1633657551.1220763
104 1633657551.130858
104 1633657551.1323698
104 1633657551.343862
104 1633657551.347093
104 1633657551.347765
104 1633657551.3526218
104 1633657551.3570015
104 1633657551.361379
104 1633657551.3760116
104 1633657551.376231
104 1633657551.9454567
104 1633657551.9480162
104 1633657551.9489803
104 1633657551.951394
104 1633657551.953781
104 1633657551.956661
104 1633657551.9593418
104 1633657551.9625285
104 1633657551.9652143
104 1633657551.9686744
104 1633657551.972957
104 1633657551.9739537
104 1633657551.976715
104 1633657551.9837976
104 1633657553.1179714
104 1633657553.1202397
104 1633657553.1260662
104 1633657553.129197
104 1633657553.1313996
104 1633657553.1397848
104 1633657553.8296783
104 1633657553.8318703
104 1633657553.8400857
104 1633657553.84631
104 1633657553.8488624
104 1633657553.8507907
104 1633657554.4367754
104 1633657554.4394703
104 1633657554.447221
104 1633657554.4601734
104 1633657554.4626217
104 1633657554.4668322
104 1633657554.489729
104 1633657554.4912744
104 1633657554.4925423
104 1633657554.4968247
104 1633657554.4979491
104 1633657554.49894
104 1633657554.8684416
104 1633657554.8702078
104 1633657554.8709974
104 1633657554.8726928
104 1633657554.8742602
104 1633657554.876324
104 1633657554.8812509
104 1633657554.8850698
104 1633657554.898151
104 1633657554.8996606
104 1633657554.9073536
104 1633657554.9131656
104 1633657554.9153314
104 1633657554.9162648
104 1633657554.9190986
104 1633657554.919797
104 1633657554.922313
104 1633657554.924764
104 1633657554.9254549
104 1633657554.9262414
104 1633657555.6273384
104 1633657555.6308324
104 1633657555.6315334
104 1633657555.634208
104 1633657555.6378899
104 1633657555.6420496
104 1633657555.644621
104 1633657555.6517634
104 1633657556.4290574
104 1633657556.4329343
104 1633657556.4383514
104 1633657556.4421227
104 1633657556.4449506
104 1633657556.450549
104 1633657557.4682312
104 1633657557.4710717
104 1633657557.4716234
104 1633657557.474634
104 1633657557.477201
104 1633657557.480125
104 1633657557.4925723
104 1633657557.492636
104 1633657557.9461079
104 1633657557.9487436
104 1633657557.9564319
104 1633657557.9625344
104 1633657557.9665198
104 1633657557.9739923
104 1633657558.7293224
104 1633657558.7316842
104 1633657558.737321
104 1633657558.7411265
104 1633657558.7466424
104 1633657558.7524316
104 1633657558.9149873
104 1633657558.918427
104 1633657558.924788
104 1633657558.9288654
104 1633657558.9321003
104 1633657558.938881
104 1633657559.0463111
104 1633657559.049178
104 1633657559.061621
104 1633657559.0746746
104 1633657559.0785007
104 1633657559.0809236
104 1633657559.1601863
104 1633657559.1622763
104 1633657559.1685
104 1633657559.1728318
104 1633657559.175008
104 1633657559.1903696
104 1633657560.6928895
104 1633657560.6962285
104 1633657560.6968431
104 1633657560.6981418
104 1633657560.699762
104 1633657560.702064
104 1633657560.7081952
104 1633657560.7144582
104 1633657560.9610922
104 1633657560.9627404
104 1633657560.969211
104 1633657560.9750056
104 1633657560.9776802
104 1633657560.9793262
104 1633657561.062265
104 1633657561.0629125
104 1633657561.0649765
104 1633657561.0667815
104 1633657561.0687313
104 1633657561.0704594
104 1633657562.4103963
104 1633657562.4147148
104 1633657562.4235392
104 1633657562.427879
104 1633657562.4299393
104 1633657562.434821
104 1633657562.7478418
104 1633657562.7511442
104 1633657562.752296
104 1633657562.756516
104 1633657562.7591033
104 1633657562.7610102
104 1633657562.7677088
104 1633657562.7703578
104 1633657562.7760906
104 1633657562.77716
104 1633657562.7783387
104 1633657562.7794738
104 1633657562.780507
104 1633657562.781273
104 1633657562.7866166
104 1633657562.7868447
104 1633657563.1734715
104 1633657563.1768012
104 1633657563.1809707
104 1633657563.1907372
104 1633657563.194352
104 1633657563.1972153
104 1633657563.3007834
104 1633657563.3037133
104 1633657563.3050048
104 1633657563.3108716
104 1633657563.3113534
104 1633657563.3129458
104 1633657563.4926457
104 1633657563.4952593
104 1633657563.501465
104 1633657563.5089474
104 1633657563.5122337
104 1633657563.5198257
104 1633657563.6581125
104 1633657563.6657107
104 1633657563.6709573
104 1633657563.6896453
104 1633657563.6924493
104 1633657563.6928482
104 1633657565.595909
104 1633657565.5995674
104 1633657565.6117046
104 1633657565.6197586
104 1633657565.621674
104 1633657565.625883
104 1633657565.7932653
104 1633657565.7965446
104 1633657565.8032343
104 1633657565.8093548
104 1633657565.8136423
104 1633657565.8204286
104 1633657565.9752305
104 1633657565.9767091
104 1633657565.9792335
104 1633657565.9814284
104 1633657565.983041
104 1633657565.9862344
104 1633657566.645757
104 1633657566.6490567
104 1633657566.6494982
104 1633657566.652341
104 1633657566.6557403
104 1633657566.6673603
104 1633657566.667393
104 1633657566.6724718
104 1633657566.9795003
104 1633657566.9816236
104 1633657566.99048
104 1633657566.9947398
104 1633657566.9975765
104 1633657567.0004709
104 1633657567.0297313
104 1633657567.0313041
104 1633657567.0316527
104 1633657567.0331137
104 1633657567.03499
104 1633657567.0367472
104 1633657567.0448234
104 1633657567.046385
104 1633657567.111258
104 1633657567.1131122
104 1633657567.1132486
104 1633657567.1168625
104 1633657567.1187613
104 1633657567.1201108
104 1633657567.124316
104 1633657567.1268857
104 1633657567.2588322
104 1633657567.2605252
104 1633657567.264133
104 1633657567.2677891
104 1633657567.2697473
104 1633657567.2725863
104 1633657567.5698092
104 1633657567.572671
104 1633657567.5780673
104 1633657567.5820503
104 1633657567.5850694
104 1633657567.5946348
104 1633657569.8128932
104 1633657569.8155327
104 1633657569.8228016
104 1633657569.8255157
104 1633657569.828601
104 1633657569.833236
104 1633657570.2255619
104 1633657570.2272162
104 1633657570.2274954
104 1633657570.2287953
104 1633657570.2301624
104 1633657570.2316122
104 1633657570.2352881
104 1633657570.235342
104 1633657570.608198
104 1633657570.6120124
104 1633657570.617725
104 1633657570.623234
104 1633657570.6258993
104 1633657570.6326413
104 1633657572.184844
104 1633657572.1892297
104 1633657572.2021015
104 1633657572.2205875
104 1633657572.2227962
104 1633657572.2233372
104 1633657572.5741806
104 1633657572.574706
104 1633657572.5753496
104 1633657572.5762727
104 1633657572.5768871
104 1633657572.5783155
104 1633657572.8609905
104 1633657572.8620315
104 1633657572.8622048
104 1633657572.8632834
104 1633657572.8639119
104 1633657572.8645234
104 1633657572.8662517
104 1633657572.8691502
104 1633657573.9766548
104 1633657573.9776971
104 1633657573.979657
104 1633657573.9808805
104 1633657573.9812672
104 1633657573.9819605
104 1633657574.9865696
104 1633657574.988539
104 1633657574.9902403
104 1633657574.994168
104 1633657574.9954844
104 1633657574.9986975
104 1633657575.0051217
104 1633657575.0075397
104 1633657575.944179
104 1633657575.945508
104 1633657575.9455674
104 1633657575.9472291
104 1633657575.9482243
104 1633657575.9491158
104 1633657575.9512498
104 1633657575.9520547
104 1633657576.2031891
104 1633657576.2040849
104 1633657576.20558
104 1633657576.207083
104 1633657576.20758
104 1633657576.2092922
104 1633657576.4852984
104 1633657576.4883556
104 1633657576.495417
104 1633657576.50531
104 1633657576.5106711
104 1633657576.5121958
104 1633657577.077609
104 1633657577.078326
104 1633657577.0801058
104 1633657577.085948
104 1633657577.0865762
104 1633657577.0871964
104 1633657578.2533972
104 1633657578.2571988
104 1633657578.2571893
104 1633657578.2613351
104 1633657578.2637546
104 1633657578.267773
104 1633657578.2818618
104 1633657578.2820718
104 1633657579.974199
104 1633657579.9761803
104 1633657579.97799
104 1633657579.980946
104 1633657579.985631
104 1633657579.987488
104 1633657581.2724354
104 1633657581.2755597
104 1633657581.2808847
104 1633657581.2858222
104 1633657581.2885778
104 1633657581.2951543
104 1633657581.309721
104 1633657581.31212
104 1633657581.3124425
104 1633657581.3138475
104 1633657581.315398
104 1633657581.316987
104 1633657581.3234384
104 1633657581.326758
104 1633657581.8465438
104 1633657581.847498
104 1633657581.850485
104 1633657581.8561873
104 1633657581.8577633
104 1633657581.86018
104 1633657581.983292
104 1633657581.9852762
104 1633657581.9972675
104 1633657582.0074098
104 1633657582.0113888
104 1633657582.0134666
104 1633657582.4874036
104 1633657582.488557
104 1633657582.4886227
104 1633657582.4893577
104 1633657582.489938
104 1633657582.4905796
104 1633657582.4914558
104 1633657582.4925296
104 1633657583.0316005
104 1633657583.0329487
104 1633657583.033008
104 1633657583.0351186
104 1633657583.0370603
104 1633657583.0377488
104 1633657583.0392275
104 1633657583.0409005
104 1633657583.7196014
104 1633657583.7222502
104 1633657583.7232697
104 1633657583.7262766
104 1633657583.729891
104 1633657583.7338822
104 1633657583.7385957
104 1633657583.7432919
104 1633657584.635005
104 1633657584.636172
104 1633657584.6387904
104 1633657584.6409428
104 1633657584.6415484
104 1633657584.6432812
104 1633657584.8728793
104 1633657584.8740134
104 1633657584.8755977
104 1633657584.8768842
104 1633657584.8774743
104 1633657584.87853
104 1633657585.1780035
104 1633657585.1812656
104 1633657585.181651
104 1633657585.1844544
104 1633657585.186184
104 1633657585.1885026
104 1633657585.1956081
104 1633657585.1958776
104 1633657585.4180472
104 1633657585.4190834
104 1633657585.4191577
104 1633657585.419989
104 1633657585.4210975
104 1633657585.4217396
104 1633657585.4220526
104 1633657585.423075
104 1633657585.8841188
104 1633657585.8872106
104 1633657585.8881195
104 1633657585.8906996
104 1633657585.8929255
104 1633657585.8975503
104 1633657585.901821
104 1633657585.9051638
104 1633657585.9728162
104 1633657585.9749296
104 1633657585.9803984
104 1633657585.9832253
104 1633657585.9856694
104 1633657585.9913344
104 1633657586.007935
104 1633657586.009163
104 1633657586.009547
104 1633657586.0107718
104 1633657586.0119758
104 1633657586.013476
104 1633657586.015209
104 1633657586.0159266
104 1633657587.795727
104 1633657587.7982013
104 1633657587.7987
104 1633657587.802213
104 1633657587.8050852
104 1633657587.8124921
104 1633657587.8129435
104 1633657587.820976
104 1633657588.4474428
104 1633657588.4483824
104 1633657588.449361
104 1633657588.4507565
104 1633657588.4520147
104 1633657588.4534407
104 1633657590.3450027
104 1633657590.3480792
104 1633657590.3543923
104 1633657590.367161
104 1633657590.3697903
104 1633657590.3721595
104 1633657591.7976294
104 1633657591.801267
104 1633657591.8026755
104 1633657591.8086276
104 1633657591.812001
104 1633657591.8150136
104 1633657591.8230329
104 1633657591.8230362
104 1633657593.08214
104 1633657593.0863376
104 1633657593.091477
104 1633657593.09941
104 1633657593.1027565
104 1633657593.1083066
104 1633657593.4765522
104 1633657593.4803998
104 1633657593.488381
104 1633657593.5001528
104 1633657593.5026536
104 1633657593.5061219
104 1633657593.8017757
104 1633657593.806179
104 1633657593.8071156
104 1633657593.810814
104 1633657593.8135448
104 1633657593.8167708
104 1633657593.8253133
104 1633657593.8273401
104 1633657594.250237
104 1633657594.2531674
104 1633657594.2539036
104 1633657594.2564204
104 1633657594.2587981
104 1633657594.2614777
104 1633657594.270218
104 1633657594.2750838
104 1633657595.0218303
104 1633657595.023965
104 1633657595.0264454
104 1633657595.0284731
104 1633657595.030192
104 1633657595.0313394
104 1633657595.2974393
104 1633657595.3000154
104 1633657595.300336
104 1633657595.3010168
104 1633657595.3017693
104 1633657595.3026664
104 1633657595.3039088
104 1633657595.3047113
104 1633657596.1241262
104 1633657596.1304977
104 1633657596.1388483
104 1633657596.1582804
104 1633657596.1602042
104 1633657596.1610405
104 1633657596.9800365
104 1633657596.9809253
104 1633657596.9829655
104 1633657596.9836743
104 1633657596.984201
104 1633657596.985771
104 1633657598.4150705
104 1633657598.418856
104 1633657598.4204745
104 1633657598.4240136
104 1633657598.427031
104 1633657598.43011
104 1633657598.441396
104 1633657598.4419856
104 1633657598.870163
104 1633657598.871815
104 1633657598.8727255
104 1633657598.8740973
104 1633657598.875071
104 1633657598.8769035
104 1633657599.4888666
104 1633657599.4908037
104 1633657599.4966428
104 1633657599.499709
104 1633657599.5028963
104 1633657599.5073264
104 1633657600.6157665
104 1633657600.6191154
104 1633657600.6258214
104 1633657600.633517
104 1633657600.634235
104 1633657600.63533
104 1633657602.0772278
104 1633657602.0812101
104 1633657602.0841851
104 1633657602.0887718
104 1633657602.0997424
104 1633657602.1003463
104 1633657602.2355561
104 1633657602.236862
104 1633657602.2373736
104 1633657602.2389798
104 1633657602.239854
104 1633657602.2412477
104 1633657602.2447453
104 1633657602.247661
104 1633657602.4470787
104 1633657602.4482365
104 1633657602.4492548
104 1633657602.4503477
104 1633657602.450895
104 1633657602.4514053
104 1633657602.4794414
104 1633657602.4804466
104 1633657602.4804952
104 1633657602.4815698
104 1633657602.482385
104 1633657602.4830177
104 1633657602.4834046
104 1633657602.4844368
104 1633657602.8637471
104 1633657602.8664522
104 1633657602.8781757
104 1633657602.8817556
104 1633657602.8844814
104 1633657602.8863797
104 1633657602.888125
104 1633657602.8912587
104 1633657602.8965394
104 1633657602.8997564
104 1633657602.902412
104 1633657602.9043112
104 1633657603.0935912
104 1633657603.0978718
104 1633657603.1108134
104 1633657603.1108513
104 1633657603.1161914
104 1633657603.1180336
104 1633657604.338364
104 1633657604.3415673
104 1633657604.3441257
104 1633657604.3485274
104 1633657604.3511093
104 1633657604.3559203
104 1633657604.4009686
104 1633657604.4027705
104 1633657604.4043396
104 1633657604.406173
104 1633657604.4087374
104 1633657604.4119296
104 1633657604.4186723
104 1633657604.4201531
104 1633657605.040711
104 1633657605.0415072
104 1633657605.0438905
104 1633657605.045486
104 1633657605.0465791
104 1633657605.0500894
104 1633657607.621141
104 1633657607.6240478
104 1633657607.6282656
104 1633657607.6317697
104 1633657607.6341927
104 1633657607.63541
104 1633657607.7325037
104 1633657607.7351098
104 1633657607.7410173
104 1633657607.7459424
104 1633657607.7494252
104 1633657607.757105
104 1633657609.5173984
104 1633657609.5216124
104 1633657609.5224967
104 1633657609.5264554
104 1633657609.5289345
104 1633657609.5319777
104 1633657609.5384474
104 1633657609.5423105
104 1633657610.3334048
104 1633657610.3373103
104 1633657610.348358
104 1633657610.3523774
104 1633657610.3546576
104 1633657610.356638
104 1633657610.4211307
104 1633657610.4235365
104 1633657610.4324386
104 1633657610.4374332
104 1633657610.439386
104 1633657610.4416788
104 1633657610.5222805
104 1633657610.5260785
104 1633657610.528584
104 1633657610.5397084
104 1633657610.5413623
104 1633657610.5441172
104 1633657610.5865245
104 1633657610.5879552
104 1633657610.589206
104 1633657610.5926752
104 1633657610.5941446
104 1633657610.5987494
104 1633657613.4258392
104 1633657613.4268837
104 1633657613.4281077
104 1633657613.4289038
104 1633657613.4293103
104 1633657613.4301307
104 1633657614.0929518
104 1633657614.0944576
104 1633657614.09528
104 1633657614.0966494
104 1633657614.098506
104 1633657614.0997972
104 1633657614.103319
104 1633657614.1079583
